     0.000     27.225
     4.004     27.330
     8.008     27.373
    12.012     27.334
    16.016     27.236
    20.020     27.178
    24.024     27.124
    28.028     27.029
    32.032     26.858
    36.036     26.633
    40.040     26.375
    44.044     26.096
    48.048     25.884
    52.052     25.620
    56.056     25.394
    60.060     25.161
    64.064     24.972
    68.068     24.769
    72.072     24.508
    76.076     24.223
    80.080     23.899
    84.084     23.554
    88.088     23.206
    92.092     22.883
    96.096     22.632
   100.100     22.433
   104.104     22.341
   108.108     22.305
   112.112     22.403
   116.116     22.531
   120.120     22.877
   124.124     23.274
   128.128     23.723
   132.132     24.072
   136.136     24.285
   140.140     24.261
   144.144     24.274
   148.148     24.202
   152.152     24.184
   156.156     24.165
   160.160     24.227
   164.164     24.302
   168.168     24.450
   172.172     24.491
   176.176     24.682
   180.180     24.673
   184.184     24.446
   188.188     24.393
   192.192     23.546
   196.196     21.640
   200.200     19.323
   204.204     17.519
   208.208     15.783
   212.212     14.545
   216.216     13.354
   220.220     12.339
   224.224     11.661
   228.228     11.039
   232.232     10.722
   236.236     10.640
   240.240     10.547
   244.244     10.605
   248.248     10.696
   252.252     10.728
   256.256     11.106
   260.260     11.595
   264.264     12.152
   268.268     12.731
   272.272     13.323
   276.276     14.192
   280.280     14.781
   284.284     15.300
   288.288     15.639
   292.292     15.827
   296.296     15.712
   300.300     15.794
   304.304     15.956
   308.308     16.077
   312.312     16.512
   316.316     17.380
   320.320     18.888
   324.324     20.289
   328.328     21.020
   332.332     21.324
   336.336     21.190
   340.340     20.752
   344.344     20.197
   348.348     19.718
   352.352     19.130
   356.356     18.563
   360.360     17.977
   364.364     17.450
   368.368     16.958
   372.372     16.455
   376.376     16.028
   380.380     15.449
   384.384     15.004
   388.388     14.580
   392.392     14.230
   396.396     13.913
   400.400     13.515
   404.404     13.222
   408.408     12.927
   412.412     12.645
   416.416     12.344
   420.420     12.133
   424.424     12.118
   428.428     11.933
   432.432     11.858
   436.436     11.809
   440.440     11.829
   444.444     11.939
   448.448     11.811
   452.452     11.995
   456.456     12.113
   460.460     12.361
   464.464     12.479
   468.468     12.613
   472.472     12.977
   476.476     13.314
   480.480     13.698
   484.484     13.908
   488.488     14.106
   492.492     14.467
   496.496     14.860
   500.501     15.371
   504.505     15.936
   508.509     16.270
   512.513     16.763
   516.517     17.467
   520.521     18.081
   524.525     18.607
   528.529     19.048
   532.533     19.652
   536.537     20.216
   540.541     20.604
   544.545     21.170
   548.549     21.586
   552.553     22.070
   556.557     22.580
   560.561     23.105
   564.565     23.826
   568.569     24.322
   572.573     24.967
   576.577     25.530
   580.581     26.080
   584.585     26.834
   588.589     27.512
   592.593     28.157
   596.597     28.647
   600.601     29.452
   604.605     30.056
   608.609     30.683
   612.613     31.313
   616.617     32.012
   620.621     32.820
   624.625     33.642
   628.629     34.243
   632.633     34.992
   636.637     35.786
   640.641     36.581
   644.645     37.350
   648.649     37.794
   652.653     38.694
   656.657     39.706
   660.661     40.528
   664.665     41.439
   668.669     42.373
   672.673     43.306
   676.677     44.240
   680.681     45.152
   684.685     46.180
   688.689     46.881
   692.693     47.975
   696.697     48.747
   700.701     49.235
   704.705     49.903
   708.709     50.680
   712.713     51.375
   716.717     52.047
   720.721     52.609
   724.725     53.206
   728.729     53.671
   732.733     54.143
   736.737     54.635
   740.741     55.096
   744.745     55.407
   748.749     55.702
   752.753     55.782
   756.757     55.600
   760.761     54.731
   764.765     53.005
   768.769     50.362
   772.773     46.799
   776.777     42.092
   780.781     36.428
   784.785     30.687
   788.789     25.906
   792.793     23.313
   796.797     21.567
   800.801     20.343
   804.805     19.630
   808.809     18.646
   812.813     18.152
   816.817     17.686
   820.821     17.229
   824.825     16.935
   828.829     16.720
   832.833     16.670
   836.837     16.730
   840.841     16.722
   844.845     16.888
   848.849     17.011
   852.853     17.107
   856.857     17.299
   860.861     17.381
   864.865     17.023
   868.869     16.723
   872.873     16.280
   876.877     15.654
   880.881     15.120
   884.885     14.612
   888.889     13.980
   892.893     13.461
   896.897     13.087
   900.901     12.755
   904.905     12.423
   908.909     11.962
   912.913     11.857
   916.917     11.552
   920.921     11.455
   924.925     11.251
   928.929     11.187
   932.933     10.990
   936.937     11.050
   940.941     11.020
   944.945     10.790
   948.949     10.845
   952.953     10.704
   956.957     10.542
   960.961     10.645
   964.965     10.588
   968.969     10.694
   972.973     10.835
   976.977     10.847
   980.981     10.723
   984.985     11.093
   988.989     11.269
   992.993     11.751
   996.997     12.592
  1001.001     13.757
  1005.005     15.225
  1009.009     16.628
  1013.013     18.336
  1017.017     19.422
  1021.021     20.519
  1025.025     20.955
  1029.029     21.371
  1033.033     21.783
  1037.037     21.512
  1041.041     21.135
  1045.045     20.353
  1049.049     19.768
  1053.053     18.894
  1057.057     17.787
  1061.061     16.657
  1065.065     15.150
  1069.069     13.738
  1073.073     12.053
  1077.077     10.786
  1081.081      9.612
  1085.085      8.681
  1089.089      7.805
  1093.093      7.378
  1097.097      7.096
  1101.101      6.826
  1105.105      6.412
  1109.109      6.221
  1113.113      5.934
  1117.117      5.746
  1121.121      5.763
  1125.125      5.869
  1129.129      6.029
  1133.133      6.258
  1137.137      6.522
  1141.141      6.887
  1145.145      7.199
  1149.149      7.613
  1153.153      8.008
  1157.157      8.556
  1161.161      9.174
  1165.165      9.844
  1169.169     10.726
  1173.173     11.648
  1177.177     12.644
  1181.181     12.671
  1185.185     11.718
  1189.189     10.257
  1193.193      8.926
  1197.197      7.916
  1201.201      7.370
  1205.205      6.915
  1209.209      6.602
  1213.213      6.428
  1217.217      6.326
  1221.221      6.285
  1225.225      6.423
  1229.229      6.502
  1233.233      6.921
  1237.237      7.520
  1241.241      8.341
  1245.245      9.924
  1249.249     12.106
  1253.253     15.022
  1257.257     17.710
  1261.261     20.540
  1265.265     22.225
  1269.269     22.081
  1273.273     20.596
  1277.277     17.726
  1281.281     14.742
  1285.285     12.936
  1289.289     11.561
  1293.293     10.888
  1297.297     10.466
  1301.301     10.275
  1305.305     10.578
  1309.309     11.190
  1313.313     12.175
  1317.317     13.477
  1321.321     15.386
  1325.325     17.640
  1329.329     19.742
  1333.333     20.698
  1337.337     14.171
  1341.341      7.162
  1345.345      4.230
  1349.349      3.537
  1353.353      3.694
  1357.357      4.248
  1361.361      4.954
  1365.365      5.705
  1369.369      6.533
  1373.373      7.325
  1377.377      8.121
  1381.381      8.884
  1385.385      9.581
  1389.389     10.274
  1393.393     10.942
  1397.397     11.619
  1401.401     12.322
  1405.405     13.031
  1409.409     13.668
  1413.413     14.289
  1417.417     14.752
  1421.421     15.165
  1425.425     15.566
  1429.429     15.998
  1433.433     16.171
  1437.437     15.934
  1441.441     15.749
  1445.445     15.713
  1449.449     15.888
  1453.453     16.494
  1457.457     17.472
  1461.461     18.455
  1465.465     19.397
  1469.469     20.442
  1473.473     21.191
  1477.477     21.801
  1481.481     22.248
  1485.485     22.684
  1489.489     23.028
  1493.493     23.338
  1497.497     23.683
  1501.502     24.006
  1505.506     24.239
  1509.510     24.478
  1513.514     24.703
  1517.518     24.918
  1521.522     25.113
  1525.526     25.247
  1529.530     25.407
  1533.534     25.582
  1537.538     25.720
  1541.542     25.892
  1545.546     26.066
  1549.550     26.232
  1553.554     26.383
  1557.558     26.515
  1561.562     26.689
  1565.566     26.821
  1569.570     26.987
  1573.574     27.120
  1577.578     27.308
  1581.582     27.496
  1585.586     27.688
  1589.590     27.818
  1593.594     27.991
  1597.598     28.123
  1601.602     28.269
  1605.606     28.402
  1609.610     28.553
  1613.614     28.738
  1617.618     28.900
  1621.622     29.028
  1625.626     29.183
  1629.630     29.334
  1633.634     29.519
  1637.638     29.671
  1641.642     29.828
  1645.646     29.952
  1649.650     30.094
  1653.654     30.246
  1657.658     30.346
  1661.662     30.485
  1665.666     30.596
  1669.670     30.714
  1673.674     30.796
  1677.678     30.821
  1681.682     30.833
  1685.686     30.717
  1689.690     30.589
  1693.694     30.358
  1697.698     30.060
  1701.702     29.772
  1705.706     29.388
  1709.710     28.955
  1713.714     28.378
  1717.718     27.722
  1721.722     27.024
  1725.726     26.382
  1729.730     25.610
  1733.734     24.817
  1737.738     23.940
  1741.742     22.970
  1745.746     22.123
  1749.750     21.368
  1753.754     20.579
  1757.758     19.757
  1761.762     18.946
  1765.766     18.159
  1769.770     17.364
  1773.774     16.618
  1777.778     15.643
  1781.782     14.737
  1785.786     13.868
  1789.790     13.068
  1793.794     12.199
  1797.798     11.256
  1801.802     10.448
  1805.806      9.621
  1809.810      8.932
  1813.814      8.129
  1817.818      7.265
  1821.822      6.432
  1825.826      5.638
  1829.830      4.953
  1833.834      4.517
  1837.838      4.118
  1841.842      4.071
  1845.846      3.959
  1849.850      3.705
  1853.854      3.289
  1857.858      2.981
  1861.862      2.766
  1865.866      2.621
  1869.870      2.485
  1873.874      2.413
  1877.878      2.373
  1881.882      2.303
  1885.886      2.313
  1889.890      2.398
  1893.894      2.530
  1897.898      2.769
  1901.902      2.977
  1905.906      3.266
  1909.910      3.520
  1913.914      3.904
  1917.918      4.219
  1921.922      4.509
  1925.926      4.528
  1929.930      4.453
  1933.934      4.374
  1937.938      4.519
  1941.942      4.541
  1945.946      4.912
  1949.950      5.151
  1953.954      5.746
  1957.958      6.286
  1961.962      6.801
  1965.966      7.926
  1969.970      9.062
  1973.974     10.168
  1977.978     11.067
  1981.982     11.819
  1985.986     12.165
  1989.990     12.379
  1993.994     12.219
  1997.998     12.023
  2002.002     11.534
  2006.006     10.944
  2010.010     10.717
  2014.014     10.478
  2018.018     10.343
  2022.022     10.397
  2026.026     10.635
  2030.030     10.985
  2034.034     11.577
  2038.038     12.318
  2042.042     13.567
  2046.046     15.191
  2050.050     17.301
  2054.054     19.856
  2058.058     22.142
  2062.062     24.225
  2066.066     26.000
  2070.070     27.465
  2074.074     28.676
  2078.078     29.605
  2082.082     30.433
  2086.086     31.058
  2090.090     31.498
  2094.094     31.825
  2098.098     32.152
  2102.102     32.416
  2106.106     32.640
  2110.110     32.844
  2114.114     32.892
  2118.118     32.997
  2122.122     33.090
  2126.126     33.115
  2130.130     33.153
  2134.134     33.251
  2138.138     33.278
  2142.142     33.280
  2146.146     33.342
  2150.150     33.314
  2154.154     33.336
  2158.158     33.267
  2162.162     33.255
  2166.166     33.168
  2170.170     33.136
  2174.174     33.119
  2178.178     33.068
  2182.182     33.017
  2186.186     33.011
  2190.190     33.019
  2194.194     32.939
  2198.198     32.804
  2202.202     32.712
  2206.206     32.659
  2210.210     32.644
  2214.214     32.633
  2218.218     32.569
  2222.222     32.534
  2226.226     32.478
  2230.230     32.437
  2234.234     32.390
  2238.238     32.275
  2242.242     32.265
  2246.246     32.223
  2250.250     32.083
  2254.254     31.911
  2258.258     31.819
  2262.262     31.816
  2266.266     31.775
  2270.270     31.732
  2274.274     31.670
  2278.278     31.524
  2282.282     31.401
  2286.286     31.362
  2290.290     31.247
  2294.294     31.136
  2298.298     30.922
  2302.302     30.841
  2306.306     30.605
  2310.310     30.492
  2314.314     30.433
  2318.318     30.312
  2322.322     30.272
  2326.326     29.922
  2330.330     29.697
  2334.334     29.557
  2338.338     29.388
  2342.342     29.235
  2346.346     29.047
  2350.350     28.932
  2354.354     28.565
  2358.358     28.311
  2362.362     28.100
  2366.366     27.770
  2370.370     27.401
  2374.374     27.023
  2378.378     26.645
  2382.382     26.324
  2386.386     25.961
  2390.390     25.472
  2394.394     24.818
  2398.398     24.201
  2402.402     23.692
  2406.406     22.905
  2410.410     21.980
  2414.414     21.006
  2418.418     19.944
  2422.422     18.347
  2426.426     17.115
  2430.430     15.960
  2434.434     14.716
  2438.438     13.509
  2442.442     12.847
  2446.446     13.111
  2450.450     13.192
  2454.454     13.692
  2458.458     14.242
  2462.462     15.000
  2466.466     15.972
  2470.470     17.276
  2474.474     18.650
  2478.478     19.985
  2482.482     21.403
  2486.486     22.535
  2490.490     22.683
  2494.494     22.258
  2498.498     21.398
  2502.503     20.127
  2506.507     18.188
  2510.511     16.030
  2514.515     13.603
  2518.519     11.161
  2522.523      9.179
  2526.527      7.556
  2530.531      6.700
  2534.535      5.990
  2538.539      5.407
  2542.543      4.972
  2546.547      4.702
  2550.551      4.450
  2554.555      4.244
  2558.559      4.136
  2562.563      3.934
  2566.567      3.771
  2570.571      3.664
  2574.575      3.575
  2578.579      3.498
  2582.583      3.438
  2586.587      3.414
  2590.591      3.325
  2594.595      3.294
  2598.599      3.252
  2602.603      3.248
  2606.607      3.216
  2610.611      3.150
  2614.615      3.111
  2618.619      3.016
  2622.623      2.938
  2626.627      2.812
  2630.631      2.743
  2634.635      2.674
  2638.639      2.590
  2642.643      2.533
  2646.647      2.486
  2650.651      2.409
  2654.655      2.356
  2658.659      2.312
  2662.663      2.295
  2666.667      2.226
  2670.671      2.180
  2674.675      2.150
  2678.679      2.088
  2682.683      2.052
  2686.687      1.992
  2690.691      1.897
  2694.695      1.863
  2698.699      1.847
  2702.703      1.786
  2706.707      1.749
  2710.711      1.712
  2714.715      1.680
  2718.719      1.661
  2722.723      1.684
  2726.727      1.739
  2730.731      1.799
  2734.735      1.867
  2738.739      1.931
  2742.743      2.031
  2746.747      2.132
  2750.751      2.236
  2754.755      2.330
  2758.759      2.432
  2762.763      2.544
  2766.767      2.632
  2770.771      2.716
  2774.775      2.819
  2778.779      2.909
  2782.783      2.980
  2786.787      3.064
  2790.791      3.134
  2794.795      3.195
  2798.799      3.281
  2802.803      3.342
  2806.807      3.426
  2810.811      3.508
  2814.815      3.560
  2818.819      3.631
  2822.823      3.695
  2826.827      3.745
  2830.831      3.807
  2834.835      3.876
  2838.839      3.901
  2842.843      3.954
  2846.847      3.998
  2850.851      4.036
  2854.855      4.040
  2858.859      4.067
  2862.863      4.103
  2866.867      4.099
  2870.871      4.100
  2874.875      4.089
  2878.879      4.077
  2882.883      4.095
  2886.887      4.128
  2890.891      4.172
  2894.895      4.162
  2898.899      4.178
  2902.903      4.170
  2906.907      4.189
  2910.911      4.203
  2914.915      4.255
  2918.919      4.241
  2922.923      4.228
  2926.927      4.237
  2930.931      4.261
  2934.935      4.285
  2938.939      4.318
  2942.943      4.336
  2946.947      4.380
  2950.951      4.414
  2954.955      4.423
  2958.959      4.445
  2962.963      4.441
  2966.967      4.453
  2970.971      4.499
  2974.975      4.530
  2978.979      4.534
  2982.983      4.520
  2986.987      4.533
  2990.991      4.536
  2994.995      4.547
  2998.999      4.530
  3003.003      4.546
  3007.007      4.569
  3011.011      4.649
  3015.015      4.650
  3019.019      4.647
  3023.023      4.653
  3027.027      4.706
  3031.031      4.747
  3035.035      4.822
  3039.039      4.832
  3043.043      4.875
  3047.047      4.919
  3051.051      4.949
  3055.055      4.977
  3059.059      5.059
  3063.063      5.097
  3067.067      5.136
  3071.071      5.176
  3075.075      5.181
  3079.079      5.217
  3083.083      5.239
  3087.087      5.320
  3091.091      5.380
  3095.095      5.435
  3099.099      5.494
  3103.103      5.546
  3107.107      5.571
  3111.111      5.619
  3115.115      5.659
  3119.119      5.711
  3123.123      5.752
  3127.127      5.856
  3131.131      5.854
  3135.135      5.985
  3139.139      6.055
  3143.143      6.164
  3147.147      6.216
  3151.151      6.275
  3155.155      6.329
  3159.159      6.432
  3163.163      6.516
  3167.167      6.648
  3171.171      6.714
  3175.175      6.802
  3179.179      6.918
  3183.183      6.990
  3187.187      7.092
  3191.191      7.208
  3195.195      7.313
  3199.199      7.407
  3203.203      7.482
  3207.207      7.614
  3211.211      7.693
  3215.215      7.846
  3219.219      7.938
  3223.223      8.026
  3227.227      8.141
  3231.231      8.288
  3235.235      8.404
  3239.239      8.568
  3243.243      8.703
  3247.247      8.879
  3251.251      8.980
  3255.255      9.153
  3259.259      9.310
  3263.263      9.371
  3267.267      9.468
  3271.271      9.657
  3275.275      9.738
  3279.279      9.898
  3283.283     10.059
  3287.287     10.215
  3291.291     10.383
  3295.295     10.586
  3299.299     10.700
  3303.303     10.852
  3307.307     11.029
  3311.311     11.232
  3315.315     11.374
  3319.319     11.583
  3323.323     11.738
  3327.327     11.918
  3331.331     12.095
  3335.335     12.264
  3339.339     12.477
  3343.343     12.700
  3347.347     12.898
  3351.351     13.119
  3355.355     13.332
  3359.359     13.551
  3363.363     13.754
  3367.367     14.007
  3371.371     14.255
  3375.375     14.492
  3379.379     14.740
  3383.383     14.979
  3387.387     15.180
  3391.391     15.425
  3395.395     15.649
  3399.399     15.929
  3403.403     16.181
  3407.407     16.487
  3411.411     16.690
  3415.415     16.942
  3419.419     17.235
  3423.423     17.522
  3427.427     17.774
  3431.431     18.009
  3435.435     18.247
  3439.439     18.515
  3443.443     18.783
  3447.447     19.040
  3451.451     19.302
  3455.455     19.529
  3459.459     19.744
  3463.463     19.876
  3467.467     19.982
  3471.471     20.105
  3475.475     20.296
  3479.479     20.421
  3483.483     20.514
  3487.487     20.623
  3491.491     20.637
  3495.495     20.671
  3499.499     20.705
  3503.504     20.680
  3507.508     20.726
  3511.512     20.728
  3515.516     20.694
  3519.520     20.716
  3523.524     20.769
  3527.528     20.896
  3531.532     21.017
  3535.536     21.241
  3539.540     21.514
  3543.544     21.818
  3547.548     22.151
  3551.552     22.425
  3555.556     23.000
  3559.560     23.499
  3563.564     24.011
  3567.568     24.506
  3571.572     25.191
  3575.576     25.922
  3579.580     26.606
  3583.584     27.384
  3587.588     28.051
  3591.592     28.580
  3595.596     28.974
  3599.600     29.276
  3603.604     29.445
  3607.608     29.539
  3611.612     29.629
  3615.616     29.694
  3619.620     29.761
  3623.624     29.830
  3627.628     29.870
  3631.632     29.889
  3635.636     29.916
  3639.640     29.917
  3643.644     29.934
  3647.648     29.954
  3651.652     29.967
  3655.656     29.948
  3659.660     29.984
  3663.664     29.960
  3667.668     29.937
  3671.672     29.932
  3675.676     29.879
  3679.680     29.844
  3683.684     29.779
  3687.688     29.708
  3691.692     29.631
  3695.696     29.575
  3699.700     29.492
  3703.704     29.410
  3707.708     29.310
  3711.712     29.283
  3715.716     29.171
  3719.720     29.091
  3723.724     29.032
  3727.728     28.933
  3731.732     28.782
  3735.736     28.671
  3739.740     28.575
  3743.744     28.456
  3747.748     28.320
  3751.752     28.219
  3755.756     28.109
  3759.760     27.991
  3763.764     27.842
  3767.768     27.699
  3771.772     27.552
  3775.776     27.361
  3779.780     27.233
  3783.784     27.060
  3787.788     26.932
  3791.792     26.741
  3795.796     26.618
  3799.800     26.464
  3803.804     26.305
  3807.808     26.200
  3811.812     26.013
  3815.816     25.879
  3819.820     25.764
  3823.824     25.642
  3827.828     25.463
  3831.832     25.289
  3835.836     25.050
  3839.840     24.916
  3843.844     24.726
  3847.848     24.597
  3851.852     24.424
  3855.856     24.243
  3859.860     24.079
  3863.864     23.844
  3867.868     23.599
  3871.872     23.423
  3875.876     23.201
  3879.880     22.909
  3883.884     22.600
  3887.888     22.463
  3891.892     22.203
  3895.896     22.033
  3899.900     21.698
  3903.904     21.430
  3907.908     21.197
  3911.912     21.003
  3915.916     20.737
  3919.920     20.311
  3923.924     20.160
  3927.928     19.868
  3931.932     19.499
  3935.936     19.124
  3939.940     18.765
  3943.944     18.341
  3947.948     18.024
  3951.952     17.571
  3955.956     17.210
  3959.960     16.940
  3963.964     16.372
  3967.968     16.110
  3971.972     15.450
  3975.976     14.870
  3979.980     14.183
  3983.984     13.437
  3987.988     12.646
  3991.992     11.525
  3995.996     10.470
  4000.000      7.946
