     0.000     36.116
     4.004     34.968
     8.008     34.256
    12.012     33.655
    16.016     33.287
    20.020     32.953
    24.024     32.646
    28.028     32.375
    32.032     32.137
    36.036     31.922
    40.040     31.720
    44.044     31.563
    48.048     31.440
    52.052     31.318
    56.056     31.217
    60.060     31.147
    64.064     31.109
    68.068     31.090
    72.072     31.080
    76.076     31.069
    80.080     31.099
    84.084     31.163
    88.088     31.244
    92.092     31.375
    96.096     31.530
   100.100     31.800
   104.104     32.132
   108.108     32.530
   112.112     33.019
   116.116     33.622
   120.120     34.273
   124.124     35.000
   128.128     35.936
   132.132     37.238
   136.136     39.446
   140.140     43.282
   144.144     48.516
   148.148     54.580
   152.152     60.542
   156.156     66.765
   160.160     72.816
   164.164     78.233
   168.168     83.135
   172.172     87.608
   176.176     90.550
   180.180     93.864
   184.184     98.000
   188.188    101.579
   192.192    103.025
   196.196    105.878
   200.200    108.542
   204.204    110.559
   208.208    112.313
   212.212    114.272
   216.216    115.698
   220.220    116.998
   224.224    117.718
   228.228    118.416
   232.232    118.457
   236.236    118.402
   240.240    118.316
   244.244    118.355
   248.248    118.329
   252.252    116.616
   256.256    114.113
   260.260    110.591
   264.264    105.238
   268.268     99.874
   272.272     92.233
   276.276     83.270
   280.280     72.410
   284.284     62.289
   288.288     51.905
   292.292     40.807
   296.296     34.249
   300.300     31.875
   304.304     31.132
   308.308     31.110
   312.312     31.572
   316.316     32.281
   320.320     33.304
   324.324     34.517
   328.328     36.072
   332.332     37.860
   336.336     40.007
   340.340     42.496
   344.344     45.280
   348.348     48.374
   352.352     51.570
   356.356     55.156
   360.360     58.601
   364.364     62.072
   368.368     65.729
   372.372     69.617
   376.376     73.444
   380.380     77.130
   384.384     80.960
   388.388     84.789
   392.392     88.821
   396.396     92.481
   400.400     95.905
   404.404     99.684
   408.408    103.557
   412.412    107.691
   416.416    111.015
   420.420    114.154
   424.424    117.981
   428.428    121.083
   432.432    123.384
   436.436    125.750
   440.440    127.854
   444.444    130.182
   448.448    132.022
   452.452    133.579
   456.456    135.384
   460.460    136.391
   464.464    137.624
   468.468    138.772
   472.472    139.142
   476.476    139.242
   480.480    139.616
   484.484    140.133
   488.488    140.593
   492.492    140.917
   496.496    141.594
   500.501    142.366
   504.505    142.799
   508.509    143.220
   512.513    143.371
   516.517    143.587
   520.521    143.556
   524.525    143.535
   528.529    143.543
   532.533    143.896
   536.537    143.881
   540.541    144.001
   544.545    143.923
   548.549    144.172
   552.553    144.111
   556.557    143.653
   560.561    143.473
   564.565    143.618
   568.569    143.598
   572.573    143.266
   576.577    143.028
   580.581    142.822
   584.585    142.970
   588.589    142.927
   592.593    142.751
   596.597    142.626
   600.601    142.620
   604.605    142.393
   608.609    141.989
   612.613    142.062
   616.617    141.621
   620.621    141.083
   624.625    141.124
   628.629    140.521
   632.633    140.160
   636.637    140.294
   640.641    140.279
   644.645    140.192
   648.649    139.766
   652.653    139.573
   656.657    139.029
   660.661    138.754
   664.665    137.917
   668.669    137.827
   672.673    137.256
   676.677    136.471
   680.681    135.892
   684.685    135.281
   688.689    134.374
   692.693    132.915
   696.697    132.226
   700.701    130.270
   704.705    129.283
   708.709    127.921
   712.713    126.024
   716.717    123.771
   720.721    121.815
   724.725    119.151
   728.729    116.396
   732.733    113.972
   736.737    110.665
   740.741    106.983
   744.745    102.882
   748.749     98.907
   752.753     93.761
   756.757     89.115
   760.761     84.453
   764.765     80.000
   768.769     75.953
   772.773     72.814
   776.777     70.328
   780.781     68.770
   784.785     67.874
   788.789     67.768
   792.793     67.982
   796.797     68.162
   800.801     68.315
   804.805     68.364
   808.809     68.294
   812.813     68.052
   816.817     68.067
   820.821     67.774
   824.825     67.514
   828.829     67.287
   832.833     66.593
   836.837     65.405
   840.841     63.976
   844.845     61.901
   848.849     58.326
   852.853     54.902
   856.857     51.794
   860.861     49.026
   864.865     46.747
   868.869     45.186
   872.873     44.191
   876.877     44.134
   880.881     44.129
   884.885     44.755
   888.889     46.107
   892.893     47.934
   896.897     50.110
   900.901     53.151
   904.905     56.140
   908.909     60.220
   912.913     64.118
   916.917     67.902
   920.921     71.794
   924.925     75.291
   928.929     79.156
   932.933     81.761
   936.937     85.639
   940.941     88.440
   944.945     92.022
   948.949     95.809
   952.953     98.233
   956.957    100.039
   960.961    101.817
   964.965    103.373
   968.969    104.069
   972.973    104.748
   976.977    105.115
   980.981    106.302
   984.985    106.093
   988.989    107.040
   992.993    107.698
   996.997    108.560
  1001.001    107.941
  1005.005    108.352
  1009.009    108.915
  1013.013    108.222
  1017.017    106.938
  1021.021    107.022
  1025.025    106.780
  1029.029    106.704
  1033.033    106.074
  1037.037    105.727
  1041.041    105.712
  1045.045    105.695
  1049.049    105.670
  1053.053    105.976
  1057.057    105.957
  1061.061    105.247
  1065.065    104.400
  1069.069    103.166
  1073.073    101.973
  1077.077    101.539
  1081.081    100.446
  1085.085     99.169
  1089.089     97.424
  1093.093     96.349
  1097.097     95.519
  1101.101     93.808
  1105.105     92.772
  1109.109     90.444
  1113.113     87.882
  1117.117     85.703
  1121.121     84.042
  1125.125     81.962
  1129.129     78.517
  1133.133     75.150
  1137.137     70.861
  1141.141     67.021
  1145.145     62.912
  1149.149     58.567
  1153.153     53.976
  1157.157     49.491
  1161.161     45.160
  1165.165     40.027
  1169.169     34.241
  1173.173     29.508
  1177.177     26.553
  1181.181     25.955
  1185.185     28.198
  1189.189     33.901
  1193.193     40.927
  1197.197     47.006
  1201.201     50.987
  1205.205     54.318
  1209.209     56.975
  1213.213     59.423
  1217.217     60.875
  1221.221     61.311
  1225.225     61.065
  1229.229     61.006
  1233.233     60.401
  1237.237     59.303
  1241.241     57.612
  1245.245     55.296
  1249.249     53.861
  1253.253     53.778
  1257.257     54.457
  1261.261     57.389
  1265.265     60.889
  1269.269     66.087
  1273.273     73.078
  1277.277     79.718
  1281.281     86.211
  1285.285     92.570
  1289.289     98.137
  1293.293    102.141
  1297.297    104.686
  1301.301    105.741
  1305.305    104.653
  1309.309    102.636
  1313.313     98.306
  1317.317     92.050
  1321.321     85.505
  1325.325     75.682
  1329.329     64.893
  1333.333     54.459
  1337.337     49.809
  1341.341     56.152
  1345.345     63.680
  1349.349     70.713
  1353.353     76.581
  1357.357     81.395
  1361.361     85.178
  1365.365     87.569
  1369.369     88.968
  1373.373     89.286
  1377.377     90.005
  1381.381     89.157
  1385.385     87.021
  1389.389     83.493
  1393.393     80.872
  1397.397     76.452
  1401.401     71.849
  1405.405     65.282
  1409.409     58.905
  1413.413     52.324
  1417.417     45.685
  1421.421     37.821
  1425.425     31.479
  1429.429     28.754
  1433.433     28.158
  1437.437     28.384
  1441.441     28.734
  1445.445     29.119
  1449.449     29.595
  1453.453     30.162
  1457.457     30.758
  1461.461     31.342
  1465.465     31.982
  1469.469     32.635
  1473.473     33.424
  1477.477     34.267
  1481.481     35.189
  1485.485     36.273
  1489.489     37.341
  1493.493     38.557
  1497.497     39.844
  1501.502     41.098
  1505.506     42.485
  1509.510     43.850
  1513.514     45.266
  1517.518     46.749
  1521.522     48.351
  1525.526     50.113
  1529.530     51.698
  1533.534     53.485
  1537.538     55.227
  1541.542     56.982
  1545.546     58.676
  1549.550     60.151
  1553.554     61.358
  1557.558     62.399
  1561.562     63.208
  1565.566     63.611
  1569.570     64.185
  1573.574     64.620
  1577.578     65.110
  1581.582     65.458
  1585.586     65.675
  1589.590     65.892
  1593.594     65.998
  1597.598     65.874
  1601.602     65.915
  1605.606     65.818
  1609.610     65.482
  1613.614     64.983
  1617.618     64.604
  1621.622     64.271
  1625.626     64.032
  1629.630     63.703
  1633.634     63.154
  1637.638     62.928
  1641.642     62.521
  1645.646     61.899
  1649.650     61.443
  1653.654     60.422
  1657.658     59.585
  1661.662     58.537
  1665.666     57.498
  1669.670     56.333
  1673.674     55.113
  1677.678     53.972
  1681.682     52.478
  1685.686     51.066
  1689.690     49.481
  1693.694     48.051
  1697.698     46.604
  1701.702     44.968
  1705.706     43.486
  1709.710     42.107
  1713.714     40.883
  1717.718     39.867
  1721.722     38.874
  1725.726     37.895
  1729.730     36.890
  1733.734     35.885
  1737.738     34.863
  1741.742     33.850
  1745.746     32.882
  1749.750     31.907
  1753.754     31.002
  1757.758     30.226
  1761.762     29.475
  1765.766     28.883
  1769.770     28.529
  1773.774     29.116
  1777.778     32.174
  1781.782     36.719
  1785.786     41.413
  1789.790     46.658
  1793.794     51.991
  1797.798     57.204
  1801.802     63.041
  1805.806     69.021
  1809.810     77.011
  1813.814     84.057
  1817.818     90.787
  1821.822     96.280
  1825.826    101.432
  1829.830    105.884
  1833.834    109.906
  1837.838    112.678
  1841.842    114.397
  1845.846    115.753
  1849.850    116.275
  1853.854    117.197
  1857.858    118.532
  1861.862    119.592
  1865.866    120.352
  1869.870    121.893
  1873.874    123.299
  1877.878    124.729
  1881.882    126.353
  1885.886    126.936
  1889.890    125.435
  1893.894    124.836
  1897.898    123.869
  1901.902    121.704
  1905.906    119.644
  1909.910    117.290
  1913.914    114.671
  1917.918    112.672
  1921.922    110.302
  1925.926    106.755
  1929.930    103.456
  1933.934    100.279
  1937.938     96.698
  1941.942     92.472
  1945.946     90.769
  1949.950     88.262
  1953.954     86.613
  1957.958     83.310
  1961.962     79.014
  1965.966     74.788
  1969.970     70.202
  1973.974     65.943
  1977.978     59.777
  1981.982     53.551
  1985.986     45.918
  1989.990     38.283
  1993.994     32.968
  1997.998     32.492
  2002.002     33.574
  2006.006     35.566
  2010.010     38.084
  2014.014     40.925
  2018.018     43.938
  2022.022     47.268
  2026.026     50.607
  2030.030     54.129
  2034.034     57.895
  2038.038     61.477
  2042.042     65.387
  2046.046     69.764
  2050.050     73.953
  2054.054     78.606
  2058.058     82.162
  2062.062     86.077
  2066.066     89.829
  2070.070     93.111
  2074.074     96.711
  2078.078    100.607
  2082.082    103.518
  2086.086    106.294
  2090.090    108.366
  2094.094    110.046
  2098.098    111.839
  2102.102    114.057
  2106.106    116.244
  2110.110    118.639
  2114.114    120.324
  2118.118    121.615
  2122.122    123.217
  2126.126    124.797
  2130.130    125.709
  2134.134    126.880
  2138.138    127.759
  2142.142    128.405
  2146.146    129.384
  2150.150    130.616
  2154.154    131.140
  2158.158    131.823
  2162.162    132.170
  2166.166    133.318
  2170.170    133.522
  2174.174    134.018
  2178.178    134.819
  2182.182    135.140
  2186.186    135.332
  2190.190    135.654
  2194.194    136.219
  2198.198    136.241
  2202.202    136.630
  2206.206    136.272
  2210.210    136.684
  2214.214    136.488
  2218.218    136.711
  2222.222    137.003
  2226.226    137.056
  2230.230    137.661
  2234.234    137.703
  2238.238    137.854
  2242.242    138.270
  2246.246    138.642
  2250.250    138.462
  2254.254    138.363
  2258.258    138.331
  2262.262    137.788
  2266.266    137.899
  2270.270    137.900
  2274.274    137.892
  2278.278    137.700
  2282.282    137.853
  2286.286    137.782
  2290.290    137.706
  2294.294    137.392
  2298.298    137.116
  2302.302    136.568
  2306.306    136.142
  2310.310    135.425
  2314.314    135.117
  2318.318    134.490
  2322.322    133.835
  2326.326    132.769
  2330.330    132.223
  2334.334    131.573
  2338.338    130.950
  2342.342    130.345
  2346.346    130.018
  2350.350    129.211
  2354.354    128.770
  2358.358    127.741
  2362.362    126.827
  2366.366    125.718
  2370.370    124.859
  2374.374    124.161
  2378.378    122.694
  2382.382    122.133
  2386.386    121.058
  2390.390    119.178
  2394.394    117.255
  2398.398    116.391
  2402.402    114.890
  2406.406    112.998
  2410.410    110.684
  2414.414    108.154
  2418.418    105.712
  2422.422    102.647
  2426.426     99.677
  2430.430     96.373
  2434.434     93.231
  2438.438     90.668
  2442.442     87.818
  2446.446     84.663
  2450.450     80.919
  2454.454     77.943
  2458.458     74.854
  2462.462     71.811
  2466.466     68.644
  2470.470     65.501
  2474.474     62.435
  2478.478     59.619
  2482.482     57.028
  2486.486     54.472
  2490.490     51.935
  2494.494     49.638
  2498.498     47.391
  2502.503     45.467
  2506.507     43.569
  2510.511     41.945
  2514.515     40.516
  2518.519     39.033
  2522.523     37.896
  2526.527     37.025
  2530.531     36.359
  2534.535     36.708
  2538.539     38.016
  2542.543     39.444
  2546.547     40.916
  2550.551     42.221
  2554.555     43.383
  2558.559     44.669
  2562.563     45.656
  2566.567     46.865
  2570.571     48.185
  2574.575     49.560
  2578.579     50.639
  2582.583     51.841
  2586.587     52.944
  2590.591     53.786
  2594.595     54.750
  2598.599     55.409
  2602.603     56.643
  2606.607     57.760
  2610.611     59.391
  2614.615     60.592
  2618.619     61.803
  2622.623     62.856
  2626.627     63.947
  2630.631     65.313
  2634.635     66.820
  2638.639     68.494
  2642.643     70.452
  2646.647     71.906
  2650.651     73.167
  2654.655     74.853
  2658.659     75.962
  2662.663     77.700
  2666.667     79.397
  2670.671     81.121
  2674.675     81.525
  2678.679     82.651
  2682.683     83.890
  2686.687     86.157
  2690.691     86.874
  2694.695     88.607
  2698.699     90.561
  2702.703     92.428
  2706.707     93.818
  2710.711     95.446
  2714.715     96.603
  2718.719     97.476
  2722.723     98.723
  2726.727    100.281
  2730.731    101.147
  2734.735    101.989
  2738.739    102.963
  2742.743    104.099
  2746.747    104.531
  2750.751    105.463
  2754.755    106.551
  2758.759    107.342
  2762.763    108.140
  2766.767    108.690
  2770.771    109.300
  2774.775    109.842
  2778.779    110.662
  2782.783    111.187
  2786.787    111.390
  2790.791    112.026
  2794.795    112.085
  2798.799    112.588
  2802.803    112.948
  2806.807    113.060
  2810.811    113.199
  2814.815    113.714
  2818.819    114.174
  2822.823    114.243
  2826.827    113.983
  2830.831    114.331
  2834.835    113.930
  2838.839    114.326
  2842.843    114.487
  2846.847    114.857
  2850.851    114.892
  2854.855    115.382
  2858.859    115.921
  2862.863    116.015
  2866.867    116.058
  2870.871    115.611
  2874.875    115.617
  2878.879    115.343
  2882.883    115.785
  2886.887    115.801
  2890.891    116.426
  2894.895    116.370
  2898.899    116.763
  2902.903    116.348
  2906.907    115.832
  2910.911    116.362
  2914.915    116.252
  2918.919    116.135
  2922.923    115.923
  2926.927    115.820
  2930.931    116.091
  2934.935    116.068
  2938.939    115.899
  2942.943    115.780
  2946.947    115.796
  2950.951    115.578
  2954.955    115.802
  2958.959    115.977
  2962.963    115.609
  2966.967    115.200
  2970.971    115.456
  2974.975    115.370
  2978.979    115.293
  2982.983    115.462
  2986.987    115.656
  2990.991    115.432
  2994.995    116.122
  2998.999    116.615
  3003.003    116.147
  3007.007    116.073
  3011.011    116.238
  3015.015    116.216
  3019.019    115.995
  3023.023    115.591
  3027.027    115.088
  3031.031    115.100
  3035.035    114.943
  3039.039    115.237
  3043.043    115.090
  3047.047    114.953
  3051.051    115.044
  3055.055    114.820
  3059.059    114.486
  3063.063    113.973
  3067.067    113.631
  3071.071    113.454
  3075.075    113.396
  3079.079    113.095
  3083.083    113.079
  3087.087    112.333
  3091.091    111.589
  3095.095    111.685
  3099.099    111.321
  3103.103    110.847
  3107.107    110.416
  3111.111    110.502
  3115.115    110.562
  3119.119    109.797
  3123.123    109.296
  3127.127    108.475
  3131.131    107.914
  3135.135    107.745
  3139.139    107.520
  3143.143    106.771
  3147.147    106.748
  3151.151    106.631
  3155.155    106.129
  3159.159    106.083
  3163.163    104.823
  3167.167    104.612
  3171.171    104.406
  3175.175    103.965
  3179.179    103.802
  3183.183    103.464
  3187.187    102.865
  3191.191    102.473
  3195.195    101.614
  3199.199    100.605
  3203.203    100.479
  3207.207     99.627
  3211.211     98.802
  3215.215     98.192
  3219.219     97.333
  3223.223     96.154
  3227.227     95.442
  3231.231     94.793
  3235.235     94.146
  3239.239     92.856
  3243.243     91.653
  3247.247     90.970
  3251.251     90.078
  3255.255     88.562
  3259.259     88.295
  3263.263     87.052
  3267.267     85.403
  3271.271     83.884
  3275.275     82.331
  3279.279     81.328
  3283.283     80.198
  3287.287     78.828
  3291.291     77.701
  3295.295     76.583
  3299.299     75.246
  3303.303     73.967
  3307.307     72.783
  3311.311     70.763
  3315.315     69.112
  3319.319     67.477
  3323.323     66.223
  3327.327     64.643
  3331.331     63.268
  3335.335     61.664
  3339.339     60.584
  3343.343     59.242
  3347.347     57.661
  3351.351     56.503
  3355.355     55.224
  3359.359     53.736
  3363.363     52.116
  3367.367     50.343
  3371.371     49.169
  3375.375     47.483
  3379.379     46.213
  3383.383     45.044
  3387.387     44.112
  3391.391     42.857
  3395.395     41.572
  3399.399     40.468
  3403.403     39.479
  3407.407     38.582
  3411.411     37.625
  3415.415     36.710
  3419.419     35.895
  3423.423     35.238
  3427.427     34.653
  3431.431     34.021
  3435.435     33.458
  3439.439     33.022
  3443.443     32.625
  3447.447     32.310
  3451.451     32.090
  3455.455     31.850
  3459.459     31.636
  3463.463     31.423
  3467.467     31.338
  3471.471     31.282
  3475.475     31.251
  3479.479     31.237
  3483.483     31.232
  3487.487     31.254
  3491.491     31.255
  3495.495     31.292
  3499.499     31.323
  3503.504     31.372
  3507.508     31.427
  3511.512     31.488
  3515.516     31.556
  3519.520     31.627
  3523.524     31.673
  3527.528     31.737
  3531.532     31.813
  3535.536     31.885
  3539.540     31.956
  3543.544     32.040
  3547.548     32.123
  3551.552     32.210
  3555.556     32.302
  3559.560     32.403
  3563.564     32.480
  3567.568     32.580
  3571.572     32.681
  3575.576     32.798
  3579.580     32.909
  3583.584     33.038
  3587.588     33.167
  3591.592     33.328
  3595.596     33.508
  3599.600     33.769
  3603.604     34.189
  3607.608     34.774
  3611.612     35.637
  3615.616     36.658
  3619.620     37.815
  3623.624     39.038
  3627.628     40.351
  3631.632     41.751
  3635.636     43.018
  3639.640     44.458
  3643.644     45.828
  3647.648     47.219
  3651.652     48.724
  3655.656     50.177
  3659.660     51.634
  3663.664     53.201
  3667.668     54.686
  3671.672     56.148
  3675.676     57.644
  3679.680     59.173
  3683.684     60.724
  3687.688     62.257
  3691.692     63.938
  3695.696     65.474
  3699.700     67.435
  3703.704     69.501
  3707.708     71.307
  3711.712     73.103
  3715.716     74.880
  3719.720     77.083
  3723.724     79.059
  3727.728     80.616
  3731.732     82.092
  3735.736     83.892
  3739.740     85.223
  3743.744     86.729
  3747.748     88.307
  3751.752     90.037
  3755.756     91.740
  3759.760     93.062
  3763.764     94.693
  3767.768     96.068
  3771.772     97.088
  3775.776     98.644
  3779.780    100.187
  3783.784    101.276
  3787.788    102.743
  3791.792    103.817
  3795.796    104.982
  3799.800    106.131
  3803.804    107.160
  3807.808    108.283
  3811.812    109.354
  3815.816    109.983
  3819.820    111.170
  3823.824    111.974
  3827.828    112.719
  3831.832    113.482
  3835.836    114.466
  3839.840    115.400
  3843.844    117.030
  3847.848    117.409
  3851.852    117.776
  3855.856    118.286
  3859.860    118.878
  3863.864    119.571
  3867.868    120.568
  3871.872    121.870
  3875.876    122.828
  3879.880    123.683
  3883.884    124.484
  3887.888    125.495
  3891.892    126.213
  3895.896    126.988
  3899.900    127.780
  3903.904    128.619
  3907.908    129.516
  3911.912    130.160
  3915.916    131.252
  3919.920    132.157
  3923.924    133.196
  3927.928    134.217
  3931.932    134.676
  3935.936    135.611
  3939.940    136.699
  3943.944    137.533
  3947.948    138.459
  3951.952    139.448
  3955.956    140.387
  3959.960    141.490
  3963.964    142.536
  3967.968    143.978
  3971.972    145.403
  3975.976    146.628
  3979.980    148.271
  3983.984    149.874
  3987.988    151.500
  3991.992    153.423
  3995.996    155.920
  4000.000    159.707
