     0.000     15.942
     4.004     13.141
     8.008     17.679
    12.012     23.027
    16.016     29.175
    20.020     35.221
    24.024     39.498
    28.028     41.800
    32.032     43.526
    36.036     44.669
    40.040     45.312
    44.044     45.892
    48.048     46.253
    52.052     46.619
    56.056     47.187
    60.060     47.639
    64.064     48.370
    68.068     49.113
    72.072     50.005
    76.076     50.892
    80.080     51.662
    84.084     52.533
    88.088     53.475
    92.092     54.594
    96.096     55.399
   100.100     56.273
   104.104     57.327
   108.108     58.317
   112.112     59.114
   116.116     60.171
   120.120     61.073
   124.124     62.022
   128.128     62.791
   132.132     62.968
   136.136     63.701
   140.140     63.927
   144.144     64.237
   148.148     64.239
   152.152     64.072
   156.156     64.317
   160.160     64.276
   164.164     63.976
   168.168     63.239
   172.172     62.792
   176.176     62.176
   180.180     61.490
   184.184     60.045
   188.188     58.484
   192.192     56.881
   196.196     55.508
   200.200     53.902
   204.204     51.972
   208.208     50.131
   212.212     48.840
   216.216     47.443
   220.220     46.123
   224.224     44.988
   228.228     43.981
   232.232     43.076
   236.236     42.242
   240.240     41.360
   244.244     40.673
   248.248     40.074
   252.252     39.573
   256.256     39.141
   260.260     38.748
   264.264     38.453
   268.268     38.176
   272.272     37.985
   276.276     37.799
   280.280     37.695
   284.284     37.756
   288.288     38.137
   292.292     38.911
   296.296     40.338
   300.300     42.299
   304.304     44.650
   308.308     47.685
   312.312     50.993
   316.316     54.638
   320.320     58.821
   324.324     62.599
   328.328     66.313
   332.332     69.293
   336.336     71.555
   340.340     73.711
   344.344     75.166
   348.348     76.255
   352.352     76.920
   356.356     77.607
   360.360     78.327
   364.364     78.906
   368.368     79.449
   372.372     79.806
   376.376     79.808
   380.380     79.640
   384.384     79.656
   388.388     79.647
   392.392     79.866
   396.396     79.685
   400.400     79.459
   404.404     79.212
   408.408     79.027
   412.412     78.672
   416.416     78.460
   420.420     78.000
   424.424     77.398
   428.428     76.618
   432.432     75.722
   436.436     75.097
   440.440     74.434
   444.444     73.655
   448.448     72.529
   452.452     71.499
   456.456     70.480
   460.460     69.147
   464.464     68.301
   468.468     66.796
   472.472     65.499
   476.476     64.240
   480.480     62.776
   484.484     61.898
   488.488     61.281
   492.492     60.851
   496.496     60.552
   500.501     60.871
   504.505     61.339
   508.509     61.914
   512.513     62.589
   516.517     63.400
   520.521     63.824
   524.525     64.403
   528.529     64.542
   532.533     64.336
   536.537     63.875
   540.541     63.210
   544.545     61.805
   548.549     59.965
   552.553     57.987
   556.557     55.691
   560.561     52.625
   564.565     45.432
   568.569     37.707
   572.573     31.624
   576.577     27.103
   580.581     26.218
   584.585     27.351
   588.589     29.551
   592.593     32.560
   596.597     35.623
   600.601     38.609
   604.605     42.178
   608.609     46.690
   612.613     51.825
   616.617     57.472
   620.621     63.113
   624.625     68.033
   628.629     72.633
   632.633     76.534
   636.637     79.077
   640.641     80.941
   644.645     83.150
   648.649     84.621
   652.653     86.419
   656.657     87.465
   660.661     88.745
   664.665     89.512
   668.669     90.082
   672.673     90.580
   676.677     90.971
   680.681     91.406
   684.685     91.486
   688.689     91.875
   692.693     92.194
   696.697     92.429
   700.701     92.571
   704.705     92.641
   708.709     92.820
   712.713     92.943
   716.717     92.943
   720.721     93.167
   724.725     93.238
   728.729     93.246
   732.733     93.370
   736.737     93.327
   740.741     93.219
   744.745     93.209
   748.749     93.106
   752.753     93.061
   756.757     92.856
   760.761     92.720
   764.765     92.655
   768.769     92.388
   772.773     92.357
   776.777     92.098
   780.781     91.911
   784.785     91.717
   788.789     91.627
   792.793     91.352
   796.797     91.224
   800.801     91.028
   804.805     90.819
   808.809     90.457
   812.813     90.272
   816.817     90.101
   820.821     89.878
   824.825     89.698
   828.829     89.354
   832.833     89.052
   836.837     88.835
   840.841     88.543
   844.845     88.314
   848.849     88.202
   852.853     87.948
   856.857     87.659
   860.861     87.304
   864.865     86.876
   868.869     86.624
   872.873     86.250
   876.877     85.925
   880.881     85.802
   884.885     85.389
   888.889     84.997
   892.893     84.700
   896.897     84.343
   900.901     83.872
   904.905     83.574
   908.909     83.348
   912.913     83.347
   916.917     82.941
   920.921     82.553
   924.925     82.065
   928.929     81.621
   932.933     81.146
   936.937     80.801
   940.941     80.232
   944.945     79.722
   948.949     79.526
   952.953     79.096
   956.957     78.484
   960.961     77.673
   964.965     76.954
   968.969     76.423
   972.973     76.019
   976.977     75.231
   980.981     74.480
   984.985     73.922
   988.989     73.158
   992.993     72.284
   996.997     71.562
  1001.001     70.796
  1005.005     70.081
  1009.009     69.272
  1013.013     68.261
  1017.017     67.453
  1021.021     66.478
  1025.025     65.696
  1029.029     64.903
  1033.033     63.898
  1037.037     62.877
  1041.041     61.814
  1045.045     60.967
  1049.049     60.203
  1053.053     59.326
  1057.057     58.285
  1061.061     57.544
  1065.065     56.787
  1069.069     56.195
  1073.073     55.602
  1077.077     55.125
  1081.081     54.687
  1085.085     54.533
  1089.089     54.487
  1093.093     54.577
  1097.097     54.807
  1101.101     54.940
  1105.105     55.228
  1109.109     55.732
  1113.113     56.300
  1117.117     56.865
  1121.121     57.495
  1125.125     58.186
  1129.129     59.042
  1133.133     59.887
  1137.137     60.703
  1141.141     61.744
  1145.145     62.602
  1149.149     63.512
  1153.153     64.471
  1157.157     65.388
  1161.161     66.517
  1165.165     67.642
  1169.169     68.648
  1173.173     69.531
  1177.177     70.544
  1181.181     71.460
  1185.185     72.374
  1189.189     73.394
  1193.193     74.552
  1197.197     75.661
  1201.201     76.570
  1205.205     77.533
  1209.209     78.470
  1213.213     79.571
  1217.217     80.690
  1221.221     81.716
  1225.225     82.641
  1229.229     83.727
  1233.233     84.685
  1237.237     85.755
  1241.241     86.670
  1245.245     87.425
  1249.249     88.207
  1253.253     88.776
  1257.257     89.165
  1261.261     89.426
  1265.265     89.778
  1269.269     90.191
  1273.273     90.463
  1277.277     90.553
  1281.281     90.828
  1285.285     90.793
  1289.289     90.896
  1293.293     91.020
  1297.297     91.034
  1301.301     90.984
  1305.305     91.184
  1309.309     91.070
  1313.313     91.128
  1317.317     91.081
  1321.321     90.975
  1325.325     90.780
  1329.329     90.644
  1333.333     90.364
  1337.337     90.071
  1341.341     89.856
  1345.345     89.643
  1349.349     89.169
  1353.353     88.884
  1357.357     88.351
  1361.361     87.632
  1365.365     87.061
  1369.369     86.299
  1373.373     85.232
  1377.377     84.480
  1381.381     83.328
  1385.385     82.351
  1389.389     81.073
  1393.393     79.599
  1397.397     77.756
  1401.401     75.379
  1405.405     73.062
  1409.409     70.295
  1413.413     67.572
  1417.417     64.675
  1421.421     61.832
  1425.425     58.751
  1429.429     55.937
  1433.433     52.884
  1437.437     50.010
  1441.441     47.379
  1445.445     45.370
  1449.449     44.135
  1453.453     43.582
  1457.457     43.096
  1461.461     42.454
  1465.465     41.541
  1469.469     40.379
  1473.473     37.720
  1477.477     34.513
  1481.481     31.592
  1485.485     28.451
  1489.489     25.270
  1493.493     22.695
  1497.497     20.634
  1501.502     20.065
  1505.506     21.163
  1509.510     22.725
  1513.514     24.722
  1517.518     26.963
  1521.522     29.427
  1525.526     32.441
  1529.530     35.187
  1533.534     37.142
  1537.538     38.565
  1541.542     40.100
  1545.546     40.899
  1549.550     41.801
  1553.554     42.569
  1557.558     43.168
  1561.562     43.234
  1565.566     42.842
  1569.570     42.069
  1573.574     41.506
  1577.578     40.682
  1581.582     39.795
  1585.586     39.059
  1589.590     38.487
  1593.594     37.796
  1597.598     37.777
  1601.602     37.926
  1605.606     38.187
  1609.610     39.017
  1613.614     39.800
  1617.618     40.861
  1621.622     41.847
  1625.626     43.178
  1629.630     44.618
  1633.634     46.153
  1637.638     47.711
  1641.642     49.314
  1645.646     50.742
  1649.650     52.235
  1653.654     53.596
  1657.658     54.761
  1661.662     55.636
  1665.666     56.643
  1669.670     57.387
  1673.674     58.011
  1677.678     58.850
  1681.682     59.714
  1685.686     59.958
  1689.690     60.603
  1693.694     60.963
  1697.698     60.969
  1701.702     60.943
  1705.706     60.552
  1709.710     60.353
  1713.714     60.286
  1717.718     59.195
  1721.722     58.528
  1725.726     57.668
  1729.730     56.118
  1733.734     54.390
  1737.738     53.130
  1741.742     51.058
  1745.746     48.286
  1749.750     44.827
  1753.754     40.911
  1757.758     34.000
  1761.762     29.195
  1765.766     25.662
  1769.770     23.375
  1773.774     22.656
  1777.778     22.694
  1781.782     24.220
  1785.786     26.572
  1789.790     29.549
  1793.794     33.428
  1797.798     37.172
  1801.802     40.282
  1805.806     42.597
  1809.810     44.629
  1813.814     46.560
  1817.818     48.629
  1821.822     50.580
  1825.826     52.574
  1829.830     54.202
  1833.834     55.627
  1837.838     56.645
  1841.842     58.111
  1845.846     59.333
  1849.850     60.710
  1853.854     61.483
  1857.858     61.965
  1861.862     62.729
  1865.866     63.371
  1869.870     63.850
  1873.874     64.410
  1877.878     64.895
  1881.882     65.461
  1885.886     65.941
  1889.890     66.246
  1893.894     66.613
  1897.898     66.880
  1901.902     67.023
  1905.906     67.043
  1909.910     66.850
  1913.914     66.920
  1917.918     67.047
  1921.922     67.144
  1925.926     67.197
  1929.930     66.901
  1933.934     66.648
  1937.938     66.335
  1941.942     65.885
  1945.946     65.329
  1949.950     65.018
  1953.954     64.810
  1957.958     64.034
  1961.962     63.642
  1965.966     63.166
  1969.970     62.827
  1973.974     62.365
  1977.978     61.820
  1981.982     61.004
  1985.986     59.999
  1989.990     59.175
  1993.994     58.141
  1997.998     57.105
  2002.002     56.125
  2006.006     55.007
  2010.010     53.885
  2014.014     52.580
  2018.018     51.210
  2022.022     50.024
  2026.026     48.703
  2030.030     47.415
  2034.034     46.333
  2038.038     45.145
  2042.042     44.059
  2046.046     42.980
  2050.050     42.037
  2054.054     41.001
  2058.058     40.233
  2062.062     39.621
  2066.066     39.257
  2070.070     38.952
  2074.074     38.674
  2078.078     38.583
  2082.082     38.576
  2086.086     38.740
  2090.090     38.939
  2094.094     39.181
  2098.098     39.502
  2102.102     39.934
  2106.106     40.271
  2110.110     40.541
  2114.114     40.951
  2118.118     41.344
  2122.122     41.739
  2126.126     42.029
  2130.130     42.448
  2134.134     42.838
  2138.138     43.200
  2142.142     43.486
  2146.146     43.730
  2150.150     44.032
  2154.154     44.390
  2158.158     44.679
  2162.162     45.130
  2166.166     45.327
  2170.170     45.649
  2174.174     45.872
  2178.178     46.101
  2182.182     46.361
  2186.186     46.490
  2190.190     46.636
  2194.194     46.808
  2198.198     46.952
  2202.202     47.387
  2206.206     47.439
  2210.210     47.701
  2214.214     47.864
  2218.218     48.114
  2222.222     48.161
  2226.226     48.279
  2230.230     48.360
  2234.234     48.343
  2238.238     48.430
  2242.242     48.576
  2246.246     48.218
  2250.250     48.252
  2254.254     48.334
  2258.258     48.250
  2262.262     48.294
  2266.266     47.848
  2270.270     47.897
  2274.274     48.090
  2278.278     47.852
  2282.282     47.659
  2286.286     47.567
  2290.290     47.472
  2294.294     47.415
  2298.298     47.526
  2302.302     47.701
  2306.306     47.683
  2310.310     47.232
  2314.314     47.398
  2318.318     47.609
  2322.322     47.328
  2326.326     47.238
  2330.330     46.957
  2334.334     46.742
  2338.338     46.873
  2342.342     46.820
  2346.346     46.541
  2350.350     46.749
  2354.354     46.952
  2358.358     47.159
  2362.362     47.026
  2366.366     47.108
  2370.370     47.342
  2374.374     47.398
  2378.378     47.412
  2382.382     47.129
  2386.386     46.980
  2390.390     47.249
  2394.394     47.226
  2398.398     47.515
  2402.402     47.574
  2406.406     47.877
  2410.410     47.476
  2414.414     47.411
  2418.418     46.778
  2422.422     46.588
  2426.426     46.006
  2430.430     46.058
  2434.434     45.675
  2438.438     45.184
  2442.442     44.486
  2446.446     43.861
  2450.450     43.040
  2454.454     42.485
  2458.458     41.817
  2462.462     41.318
  2466.466     40.833
  2470.470     40.175
  2474.474     39.539
  2478.478     38.592
  2482.482     38.054
  2486.486     37.408
  2490.490     36.943
  2494.494     36.404
  2498.498     36.087
  2502.503     35.942
  2506.507     36.060
  2510.511     36.189
  2514.515     36.204
  2518.519     36.753
  2522.523     37.387
  2526.527     38.213
  2530.531     39.033
  2534.535     40.103
  2538.539     41.374
  2542.543     42.581
  2546.547     44.339
  2550.551     45.690
  2554.555     47.827
  2558.559     50.254
  2562.563     52.913
  2566.567     55.470
  2570.571     58.747
  2574.575     61.224
  2578.579     63.655
  2582.583     65.716
  2586.587     67.283
  2590.591     68.631
  2594.595     69.863
  2598.599     70.887
  2602.603     71.559
  2606.607     72.475
  2610.611     73.293
  2614.615     73.590
  2618.619     73.685
  2622.623     73.545
  2626.627     72.788
  2630.631     72.924
  2634.635     72.748
  2638.639     72.586
  2642.643     72.746
  2646.647     71.939
  2650.651     72.169
  2654.655     72.282
  2658.659     71.985
  2662.663     71.236
  2666.667     70.723
  2670.671     70.445
  2674.675     70.135
  2678.679     69.509
  2682.683     68.534
  2686.687     67.771
  2690.691     66.948
  2694.695     65.901
  2698.699     64.562
  2702.703     63.721
  2706.707     62.413
  2710.711     61.326
  2714.715     60.048
  2718.719     59.025
  2722.723     57.587
  2726.727     56.256
  2730.731     54.895
  2734.735     53.661
  2738.739     52.692
  2742.743     51.581
  2746.747     50.347
  2750.751     48.917
  2754.755     47.267
  2758.759     45.304
  2762.763     42.408
  2766.767     39.751
  2770.771     37.229
  2774.775     34.174
  2778.779     31.286
  2782.783     28.321
  2786.787     26.156
  2790.791     24.357
  2794.795     23.712
  2798.799     23.468
  2802.803     23.471
  2806.807     23.611
  2810.811     23.807
  2814.815     24.045
  2818.819     24.322
  2822.823     24.639
  2826.827     24.972
  2830.831     25.320
  2834.835     25.712
  2838.839     26.092
  2842.843     26.501
  2846.847     26.957
  2850.851     27.466
  2854.855     27.928
  2858.859     28.515
  2862.863     29.083
  2866.867     29.675
  2870.871     30.292
  2874.875     30.933
  2878.879     31.629
  2882.883     32.247
  2886.887     32.863
  2890.891     33.508
  2894.895     34.192
  2898.899     34.944
  2902.903     35.599
  2906.907     36.298
  2910.911     36.933
  2914.915     37.502
  2918.919     38.240
  2922.923     38.855
  2926.927     39.382
  2930.931     40.009
  2934.935     40.474
  2938.939     40.862
  2942.943     41.351
  2946.947     41.784
  2950.951     42.091
  2954.955     42.418
  2958.959     42.852
  2962.963     43.200
  2966.967     43.570
  2970.971     43.859
  2974.975     44.078
  2978.979     44.341
  2982.983     44.512
  2986.987     44.795
  2990.991     44.950
  2994.995     45.084
  2998.999     45.263
  3003.003     45.399
  3007.007     45.629
  3011.011     45.697
  3015.015     45.794
  3019.019     45.941
  3023.023     45.960
  3027.027     45.920
  3031.031     45.848
  3035.035     45.834
  3039.039     45.791
  3043.043     45.727
  3047.047     45.667
  3051.051     45.516
  3055.055     45.392
  3059.059     45.315
  3063.063     45.192
  3067.067     45.083
  3071.071     45.014
  3075.075     44.947
  3079.079     44.945
  3083.083     45.045
  3087.087     45.107
  3091.091     45.258
  3095.095     45.439
  3099.099     45.627
  3103.103     45.878
  3107.107     46.168
  3111.111     46.487
  3115.115     46.828
  3119.119     47.239
  3123.123     47.585
  3127.127     47.993
  3131.131     48.347
  3135.135     48.747
  3139.139     49.172
  3143.143     49.581
  3147.147     49.967
  3151.151     50.288
  3155.155     50.527
  3159.159     50.875
  3163.163     51.070
  3167.167     51.417
  3171.171     51.600
  3175.175     51.887
  3179.179     51.957
  3183.183     52.079
  3187.187     52.220
  3191.191     52.317
  3195.195     52.197
  3199.199     52.107
  3203.203     52.095
  3207.207     51.860
  3211.211     51.544
  3215.215     51.047
  3219.219     50.518
  3223.223     49.794
  3227.227     49.068
  3231.231     47.884
  3235.235     46.581
  3239.239     44.867
  3243.243     43.157
  3247.247     41.654
  3251.251     40.615
  3255.255     39.966
  3259.259     39.574
  3263.263     39.428
  3267.267     39.456
  3271.271     39.389
  3275.275     39.518
  3279.279     39.604
  3283.283     39.673
  3287.287     39.714
  3291.291     39.774
  3295.295     39.902
  3299.299     40.002
  3303.303     40.081
  3307.307     40.186
  3311.311     40.284
  3315.315     40.353
  3319.319     40.453
  3323.323     40.610
  3327.327     40.609
  3331.331     40.696
  3335.335     40.747
  3339.339     40.842
  3343.343     40.868
  3347.347     40.776
  3351.351     40.863
  3355.355     40.911
  3359.359     41.003
  3363.363     41.119
  3367.367     41.087
  3371.371     40.935
  3375.375     40.910
  3379.379     40.928
  3383.383     40.909
  3387.387     40.836
  3391.391     40.807
  3395.395     40.607
  3399.399     40.520
  3403.403     40.358
  3407.407     40.252
  3411.411     40.125
  3415.415     40.190
  3419.419     40.124
  3423.423     39.996
  3427.427     39.882
  3431.431     39.798
  3435.435     39.345
  3439.439     39.113
  3443.443     38.698
  3447.447     38.574
  3451.451     38.347
  3455.455     38.077
  3459.459     37.821
  3463.463     37.368
  3467.467     36.948
  3471.471     36.619
  3475.475     36.155
  3479.479     35.810
  3483.483     35.434
  3487.487     34.940
  3491.491     34.683
  3495.495     34.329
  3499.499     33.690
  3503.504     33.341
  3507.508     32.828
  3511.512     32.440
  3515.516     31.747
  3519.520     31.161
  3523.524     30.905
  3527.528     30.336
  3531.532     29.841
  3535.536     29.406
  3539.540     29.110
  3543.544     28.510
  3547.548     28.044
  3551.552     27.603
  3555.556     27.229
  3559.560     26.910
  3563.564     26.437
  3567.568     26.229
  3571.572     26.016
  3575.576     25.654
  3579.580     25.270
  3583.584     24.962
  3587.588     24.790
  3591.592     24.905
  3595.596     24.730
  3599.600     24.722
  3603.604     24.754
  3607.608     24.713
  3611.612     24.673
  3615.616     24.707
  3619.620     24.693
  3623.624     24.740
  3627.628     24.749
  3631.632     24.783
  3635.636     24.741
  3639.640     24.767
  3643.644     24.769
  3647.648     24.832
  3651.652     24.887
  3655.656     24.942
  3659.660     24.989
  3663.664     24.997
  3667.668     24.990
  3671.672     25.070
  3675.676     25.166
  3679.680     25.319
  3683.684     25.495
  3687.688     25.716
  3691.692     25.991
  3695.696     26.289
  3699.700     26.570
  3703.704     26.930
  3707.708     27.354
  3711.712     27.858
  3715.716     28.416
  3719.720     29.001
  3723.724     29.597
  3727.728     30.241
  3731.732     30.865
  3735.736     31.546
  3739.740     32.265
  3743.744     33.072
  3747.748     33.813
  3751.752     34.519
  3755.756     35.260
  3759.760     36.021
  3763.764     36.868
  3767.768     37.683
  3771.772     38.475
  3775.776     39.330
  3779.780     40.189
  3783.784     41.081
  3787.788     41.933
  3791.792     42.810
  3795.796     43.740
  3799.800     44.670
  3803.804     45.517
  3807.808     46.485
  3811.812     47.369
  3815.816     48.484
  3819.820     49.600
  3823.824     50.627
  3827.828     51.568
  3831.832     52.552
  3835.836     53.503
  3839.840     54.533
  3843.844     55.400
  3847.848     56.252
  3851.852     57.147
  3855.856     58.139
  3859.860     59.026
  3863.864     60.040
  3867.868     61.055
  3871.872     61.961
  3875.876     62.848
  3879.880     63.800
  3883.884     64.605
  3887.888     65.612
  3891.892     66.468
  3895.896     67.258
  3899.900     68.096
  3903.904     68.843
  3907.908     69.777
  3911.912     70.524
  3915.916     71.355
  3919.920     72.131
  3923.924     73.008
  3927.928     73.829
  3931.932     74.709
  3935.936     75.549
  3939.940     76.337
  3943.944     77.191
  3947.948     78.068
  3951.952     79.050
  3955.956     80.081
  3959.960     80.960
  3963.964     81.977
  3967.968     82.930
  3971.972     83.848
  3975.976     84.928
  3979.980     86.034
  3983.984     87.064
  3987.988     88.566
  3991.992     90.023
  3995.996     91.936
  4000.000     94.695
