     0.000    108.542
     2.771    103.141
     5.542     99.413
     8.312     96.566
    11.083     94.145
    13.854     91.647
    16.625     89.609
    19.395     87.484
    22.166     85.375
    24.937     83.555
    27.708     81.480
    30.478     79.713
    33.249     77.834
    36.020     76.153
    38.791     74.508
    41.562     72.703
    44.332     70.901
    47.103     69.301
    49.874     67.418
    52.645     65.418
    55.415     63.525
    58.186     61.417
    60.957     59.722
    63.728     57.841
    66.498     55.916
    69.269     53.913
    72.040     51.858
    74.811     49.731
    77.582     47.771
    80.352     45.893
    83.123     43.998
    85.894     42.363
    88.665     40.602
    91.435     38.745
    94.206     37.202
    96.977     35.690
    99.748     34.267
   102.519     32.940
   105.289     31.629
   108.060     30.416
   110.831     29.404
   113.602     28.678
   116.372     28.174
   119.143     27.803
   121.914     27.520
   124.685     27.283
   127.455     27.087
   130.226     26.909
   132.997     26.756
   135.768     26.609
   138.539     26.487
   141.309     26.366
   144.080     26.263
   146.851     26.160
   149.622     26.055
   152.392     25.958
   155.163     25.874
   157.934     25.795
   160.705     25.725
   163.475     25.686
   166.246     25.679
   169.017     25.696
   171.788     25.794
   174.559     25.902
   177.329     26.091
   180.100     26.475
   182.871     27.261
   185.642     28.426
   188.412     29.712
   191.183     30.986
   193.954     32.424
   196.725     34.203
   199.495     35.747
   202.266     37.448
   205.037     39.308
   207.808     41.452
   210.579     43.645
   213.349     45.592
   216.120     47.955
   218.891     49.868
   221.662     51.848
   224.432     53.667
   227.203     55.486
   229.974     57.709
   232.745     59.977
   235.516     61.665
   238.286     63.606
   241.057     65.407
   243.828     66.907
   246.599     68.368
   249.369     69.413
   252.140     70.878
   254.911     72.748
   257.682     74.189
   260.452     75.730
   263.223     77.020
   265.994     77.786
   268.765     78.992
   271.536     80.210
   274.306     81.672
   277.077     82.760
   279.848     83.999
   282.619     84.910
   285.389     85.689
   288.160     86.373
   290.931     86.614
   293.702     86.737
   296.472     87.104
   299.243     88.007
   302.014     88.656
   304.785     89.542
   307.556     90.027
   310.326     90.504
   313.097     90.627
   315.868     90.838
   318.639     91.357
   321.409     91.639
   324.180     91.711
   326.951     91.607
   329.722     91.698
   332.492     91.890
   335.263     91.945
   338.034     91.906
   340.805     92.140
   343.576     92.684
   346.346     92.728
   349.117     92.812
   351.888     92.778
   354.659     92.758
   357.429     92.792
   360.200     92.983
   362.971     93.002
   365.742     93.197
   368.513     93.239
   371.283     93.040
   374.054     93.131
   376.825     93.471
   379.596     93.304
   382.366     93.631
   385.137     93.497
   387.908     93.148
   390.679     92.998
   393.449     93.080
   396.220     92.961
   398.991     92.866
   401.762     92.633
   404.533     92.554
   407.303     92.289
   410.074     91.919
   412.845     91.973
   415.616     91.809
   418.386     91.766
   421.157     91.656
   423.928     91.458
   426.699     91.184
   429.469     90.715
   432.240     90.213
   435.011     90.042
   437.782     89.885
   440.553     89.521
   443.323     89.308
   446.094     89.296
   448.865     89.010
   451.636     88.538
   454.406     88.087
   457.177     87.985
   459.948     87.498
   462.719     87.143
   465.489     86.580
   468.260     86.539
   471.031     86.276
   473.802     86.005
   476.573     85.712
   479.343     85.434
   482.114     85.129
   484.885     84.730
   487.656     84.023
   490.426     83.476
   493.197     82.782
   495.968     81.866
   498.739     81.108
   501.510     80.232
   504.280     79.242
   507.051     78.534
   509.822     77.753
   512.593     76.632
   515.363     75.968
   518.134     75.051
   520.905     73.853
   523.676     72.812
   526.446     71.798
   529.217     71.217
   531.988     70.152
   534.759     68.756
   537.530     67.347
   540.300     65.957
   543.071     64.770
   545.842     63.275
   548.613     61.912
   551.383     60.256
   554.154     59.036
   556.925     57.749
   559.696     56.140
   562.466     54.419
   565.237     52.807
   568.008     51.194
   570.779     49.372
   573.550     47.581
   576.320     45.999
   579.091     44.351
   581.862     42.830
   584.633     41.169
   587.403     39.448
   590.174     38.009
   592.945     36.546
   595.716     34.857
   598.486     33.445
   601.257     32.070
   604.028     30.741
   606.799     29.404
   609.570     28.123
   612.340     26.887
   615.111     25.745
   617.882     24.832
   620.653     23.833
   623.423     22.901
   626.194     22.346
   628.965     22.156
   631.736     22.243
   634.507     22.414
   637.277     22.578
   640.048     22.735
   642.819     22.895
   645.590     23.063
   648.360     23.248
   651.131     23.431
   653.902     23.591
   656.673     23.804
   659.443     24.016
   662.214     24.203
   664.985     24.386
   667.756     24.569
   670.527     24.790
   673.297     27.995
   676.068     37.993
   678.839     44.882
   681.610     50.289
   684.380     59.321
   687.151     67.891
   689.922     75.985
   692.693     82.131
   695.463     87.602
   698.234     91.034
   701.005     94.050
   703.776     95.430
   706.547     96.165
   709.317     96.202
   712.088     96.704
   714.859     96.594
   717.630     96.553
   720.400     95.883
   723.171     96.034
   725.942     94.896
   728.713     93.155
   731.483     91.449
   734.254     89.388
   737.025     86.584
   739.796     83.342
   742.567     79.118
   745.337     74.064
   748.108     69.477
   750.879     64.569
   753.650     60.084
   756.420     55.865
   759.191     51.717
   761.962     47.518
   764.733     43.179
   767.504     39.002
   770.274     34.992
   773.045     30.989
   775.816     27.166
   778.587     23.274
   781.357     19.697
   784.128     16.087
   786.899     12.958
   789.670     10.909
   792.440     12.188
   795.211     16.619
   797.982     22.974
   800.753     31.444
   803.524     40.807
   806.294     51.843
   809.065     63.664
   811.836     75.891
   814.607     87.427
   817.377     90.725
   820.148     91.564
   822.919     91.665
   825.690     89.932
   828.460     87.456
   831.231     83.845
   834.002     81.533
   836.773     79.144
   839.544     78.060
   842.314     77.577
   845.085     77.529
   847.856     79.213
   850.627     82.430
   853.397     84.993
   856.168     87.082
   858.939     87.269
   861.710     85.729
   864.480     82.413
   867.251     71.988
   870.022     62.989
   872.793     57.586
   875.564     56.832
   878.334     59.207
   881.105     62.076
   883.876     64.925
   886.647     67.925
   889.417     70.929
   892.188     73.594
   894.959     76.323
   897.730     79.091
   900.501     81.373
   903.271     83.465
   906.042     85.228
   908.813     86.789
   911.584     88.292
   914.354     89.520
   917.125     91.003
   919.896     91.667
   922.667     92.570
   925.437     93.811
   928.208     94.510
   930.979     95.364
   933.750     95.795
   936.521     96.570
   939.291     96.782
   942.062     96.626
   944.833     96.966
   947.604     97.422
   950.374     97.665
   953.145     98.086
   955.916     98.501
   958.687     98.347
   961.457     98.642
   964.228     98.348
   966.999     98.232
   969.770     98.552
   972.541     98.368
   975.311     98.335
   978.082     98.239
   980.853     98.210
   983.624     98.072
   986.394     97.920
   989.165     97.548
   991.936     97.702
   994.707     97.299
   997.477     97.188
  1000.248     96.875
  1003.019     96.649
  1005.790     96.445
  1008.561     96.316
  1011.331     96.205
  1014.102     95.888
  1016.873     95.449
  1019.644     95.327
  1022.414     95.333
  1025.185     95.024
  1027.956     94.593
  1030.727     94.405
  1033.497     94.038
  1036.268     93.711
  1039.039     93.411
  1041.810     93.007
  1044.581     92.519
  1047.351     91.932
  1050.122     91.532
  1052.893     91.229
  1055.664     90.841
  1058.434     89.995
  1061.205     89.380
  1063.976     88.615
  1066.747     87.631
  1069.518     87.050
  1072.288     86.472
  1075.059     85.668
  1077.830     84.274
  1080.601     83.471
  1083.371     82.373
  1086.142     80.983
  1088.913     79.866
  1091.684     78.668
  1094.454     77.489
  1097.225     76.252
  1099.996     74.671
  1102.767     73.206
  1105.538     71.350
  1108.308     69.663
  1111.079     67.767
  1113.850     65.990
  1116.621     64.196
  1119.391     62.382
  1122.162     60.593
  1124.933     58.845
  1127.704     56.719
  1130.474     55.037
  1133.245     53.391
  1136.016     51.651
  1138.787     49.957
  1141.558     48.358
  1144.328     46.763
  1147.099     45.338
  1149.870     44.006
  1152.641     42.774
  1155.411     41.595
  1158.182     40.552
  1160.953     39.560
  1163.724     38.765
  1166.494     38.109
  1169.265     37.555
  1172.036     37.158
  1174.807     36.891
  1177.578     36.754
  1180.348     36.584
  1183.119     36.440
  1185.890     36.368
  1188.661     36.372
  1191.431     36.428
  1194.202     36.533
  1196.973     36.759
  1199.744     37.014
  1202.515     37.388
  1205.285     37.905
  1208.056     38.398
  1210.827     38.922
  1213.598     39.776
  1216.368     40.957
  1219.139     42.436
  1221.910     44.273
  1224.681     46.128
  1227.451     48.049
  1230.222     49.706
  1232.993     51.722
  1235.764     53.872
  1238.535     55.797
  1241.305     58.086
  1244.076     59.456
  1246.847     60.794
  1249.618     62.059
  1252.388     63.635
  1255.159     64.932
  1257.930     66.068
  1260.701     67.151
  1263.471     67.980
  1266.242     68.863
  1269.013     69.747
  1271.784     70.797
  1274.555     71.521
  1277.325     73.239
  1280.096     73.928
  1282.867     74.523
  1285.638     75.077
  1288.408     75.781
  1291.179     76.433
  1293.950     76.906
  1296.721     76.902
  1299.491     77.679
  1302.262     77.970
  1305.033     78.599
  1307.804     78.668
  1310.575     79.046
  1313.345     79.148
  1316.116     79.467
  1318.887     79.470
  1321.658     79.604
  1324.428     79.705
  1327.199     79.828
  1329.970     79.684
  1332.741     79.357
  1335.512     79.116
  1338.282     79.046
  1341.053     79.219
  1343.824     79.519
  1346.595     79.478
  1349.365     79.234
  1352.136     78.653
  1354.907     78.134
  1357.678     78.140
  1360.448     77.842
  1363.219     77.271
  1365.990     76.888
  1368.761     76.079
  1371.532     75.484
  1374.302     74.831
  1377.073     73.861
  1379.844     73.543
  1382.615     72.969
  1385.385     71.991
  1388.156     71.045
  1390.927     70.116
  1393.698     69.006
  1396.468     67.840
  1399.239     66.762
  1402.010     65.659
  1404.781     64.589
  1407.552     63.274
  1410.322     62.065
  1413.093     60.873
  1415.864     59.645
  1418.635     58.240
  1421.405     56.945
  1424.176     55.630
  1426.947     54.565
  1429.718     53.778
  1432.488     53.701
  1435.259     54.341
  1438.030     55.615
  1440.801     57.315
  1443.572     59.522
  1446.342     62.273
  1449.113     64.982
  1451.884     67.915
  1454.655     70.758
  1457.425     73.538
  1460.196     75.884
  1462.967     78.266
  1465.738     80.425
  1468.509     82.444
  1471.279     84.225
  1474.050     85.630
  1476.821     87.037
  1479.592     88.370
  1482.362     89.653
  1485.133     90.953
  1487.904     91.832
  1490.675     92.358
  1493.445     93.085
  1496.216     93.824
  1498.987     94.307
  1501.758     94.647
  1504.529     94.894
  1507.299     95.327
  1510.070     95.524
  1512.841     95.636
  1515.612     96.103
  1518.382     96.379
  1521.153     96.148
  1523.924     96.092
  1526.695     96.257
  1529.465     96.544
  1532.236     96.724
  1535.007     97.253
  1537.778     97.237
  1540.549     97.284
  1543.319     97.200
  1546.090     97.261
  1548.861     97.157
  1551.632     97.080
  1554.402     96.864
  1557.173     96.492
  1559.944     96.684
  1562.715     96.493
  1565.485     96.153
  1568.256     95.871
  1571.027     95.457
  1573.798     95.516
  1576.569     95.007
  1579.339     94.853
  1582.110     94.440
  1584.881     93.580
  1587.652     93.223
  1590.422     92.682
  1593.193     91.988
  1595.964     90.994
  1598.735     90.248
  1601.506     89.664
  1604.276     88.836
  1607.047     87.696
  1609.818     86.420
  1612.589     84.548
  1615.359     82.881
  1618.130     80.547
  1620.901     78.184
  1623.672     75.493
  1626.442     72.420
  1629.213     69.281
  1631.984     66.148
  1634.755     62.419
  1637.526     58.618
  1640.296     54.792
  1643.067     50.855
  1645.838     46.929
  1648.609     43.386
  1651.379     39.982
  1654.150     36.936
  1656.921     34.558
  1659.692     32.988
  1662.462     32.018
  1665.233     31.183
  1668.004     30.407
  1670.775     29.819
  1673.546     29.751
  1676.316     31.014
  1679.087     33.244
  1681.858     36.197
  1684.629     39.661
  1687.399     43.123
  1690.170     47.322
  1692.941     52.524
  1695.712     57.313
  1698.482     61.752
  1701.253     65.850
  1704.024     70.396
  1706.795     73.819
  1709.566     77.210
  1712.336     79.512
  1715.107     82.041
  1717.878     84.479
  1720.649     86.653
  1723.419     88.053
  1726.190     89.728
  1728.961     91.448
  1731.732     92.724
  1734.503     93.436
  1737.273     94.433
  1740.044     94.831
  1742.815     95.460
  1745.586     95.974
  1748.356     96.661
  1751.127     97.134
  1753.898     97.711
  1756.669     98.259
  1759.439     98.447
  1762.210     99.290
  1764.981     99.932
  1767.752    100.235
  1770.523    100.636
  1773.293    100.835
  1776.064    101.200
  1778.835    101.570
  1781.606    101.838
  1784.376    101.940
  1787.147    101.898
  1789.918    102.242
  1792.689    102.182
  1795.459    102.171
  1798.230    102.346
  1801.001    102.482
  1803.772    102.700
  1806.543    102.857
  1809.313    102.780
  1812.084    102.694
  1814.855    102.953
  1817.626    102.999
  1820.396    103.210
  1823.167    103.113
  1825.938    103.182
  1828.709    103.209
  1831.479    103.328
  1834.250    103.404
  1837.021    103.304
  1839.792    103.387
  1842.563    103.430
  1845.333    103.486
  1848.104    103.490
  1850.875    103.438
  1853.646    103.337
  1856.416    103.272
  1859.187    103.395
  1861.958    103.555
  1864.729    103.523
  1867.499    103.626
  1870.270    103.667
  1873.041    103.732
  1875.812    103.722
  1878.583    103.765
  1881.353    103.925
  1884.124    104.012
  1886.895    103.947
  1889.666    104.092
  1892.436    104.078
  1895.207    104.019
  1897.978    104.036
  1900.749    104.185
  1903.520    104.282
  1906.290    104.311
  1909.061    104.206
  1911.832    104.243
  1914.603    104.348
  1917.373    104.336
  1920.144    104.415
  1922.915    104.403
  1925.686    104.480
  1928.456    104.519
  1931.227    104.239
  1933.998    104.413
  1936.769    104.320
  1939.540    104.295
  1942.310    104.347
  1945.081    104.336
  1947.852    104.366
  1950.623    104.421
  1953.393    104.351
  1956.164    104.277
  1958.935    104.213
  1961.706    104.157
  1964.476    104.384
  1967.247    104.568
  1970.018    104.464
  1972.789    104.402
  1975.560    104.323
  1978.330    104.343
  1981.101    104.376
  1983.872    104.465
  1986.643    104.599
  1989.413    104.786
  1992.184    104.859
  1994.955    105.011
  1997.726    104.985
  2000.496    105.024
  2003.267    105.083
  2006.038    105.136
  2008.809    105.238
  2011.580    105.149
  2014.350    105.050
  2017.121    105.192
  2019.892    105.167
  2022.663    105.046
  2025.433    105.150
  2028.204    105.215
  2030.975    105.129
  2033.746    105.169
  2036.517    105.204
  2039.287    105.216
  2042.058    105.294
  2044.829    105.163
  2047.600    105.232
  2050.370    105.220
  2053.141    105.190
  2055.912    104.988
  2058.683    105.006
  2061.453    105.004
  2064.224    104.725
  2066.995    104.638
  2069.766    104.548
  2072.537    104.556
  2075.307    104.497
  2078.078    104.462
  2080.849    104.515
  2083.620    104.354
  2086.390    104.261
  2089.161    104.376
  2091.932    104.371
  2094.703    104.284
  2097.473    104.390
  2100.244    104.467
  2103.015    104.453
  2105.786    104.485
  2108.557    104.420
  2111.327    104.427
  2114.098    104.254
  2116.869    104.234
  2119.640    104.349
  2122.410    104.290
  2125.181    104.258
  2127.952    104.249
  2130.723    104.147
  2133.493    104.133
  2136.264    104.151
  2139.035    103.856
  2141.806    103.885
  2144.577    103.876
  2147.347    103.769
  2150.118    103.791
  2152.889    103.917
  2155.660    103.826
  2158.430    103.750
  2161.201    103.739
  2163.972    103.778
  2166.743    103.606
  2169.514    103.595
  2172.284    103.688
  2175.055    103.685
  2177.826    103.653
  2180.597    103.292
  2183.367    103.080
  2186.138    102.964
  2188.909    102.798
  2191.680    102.786
  2194.450    102.871
  2197.221    102.893
  2199.992    102.768
  2202.763    102.709
  2205.534    102.676
  2208.304    102.670
  2211.075    102.678
  2213.846    102.509
  2216.617    102.470
  2219.387    102.581
  2222.158    102.487
  2224.929    102.354
  2227.700    102.369
  2230.470    102.398
  2233.241    102.131
  2236.012    101.976
  2238.783    101.738
  2241.554    101.595
  2244.324    101.732
  2247.095    101.605
  2249.866    101.326
  2252.637    101.170
  2255.407    101.103
  2258.178    100.987
  2260.949    101.038
  2263.720    100.888
  2266.490    100.779
  2269.261    100.464
  2272.032    100.226
  2274.803     99.766
  2277.574     99.643
  2280.344     99.580
  2283.115     99.468
  2285.886     99.277
  2288.657     99.169
  2291.427     98.808
  2294.198     98.691
  2296.969     98.562
  2299.740     98.432
  2302.511     98.047
  2305.281     97.878
  2308.052     97.598
  2310.823     97.412
  2313.594     97.222
  2316.364     96.950
  2319.135     96.885
  2321.906     96.564
  2324.677     95.672
  2327.447     95.191
  2330.218     94.720
  2332.989     94.196
  2335.760     93.470
  2338.531     92.935
  2341.301     92.170
  2344.072     91.557
  2346.843     91.040
  2349.614     89.674
  2352.384     88.866
  2355.155     88.371
  2357.926     87.877
  2360.697     87.009
  2363.467     85.912
  2366.238     85.195
  2369.009     84.226
  2371.780     83.501
  2374.551     82.531
  2377.321     81.289
  2380.092     80.079
  2382.863     78.328
  2385.634     76.851
  2388.404     75.692
  2391.175     73.833
  2393.946     72.200
  2396.717     70.466
  2399.487     68.528
  2402.258     67.037
  2405.029     65.188
  2407.800     63.316
  2410.571     61.042
  2413.341     59.047
  2416.112     57.090
  2418.883     55.041
  2421.654     52.983
  2424.424     51.122
  2427.195     49.056
  2429.966     47.319
  2432.737     45.634
  2435.508     44.226
  2438.278     42.803
  2441.049     41.661
  2443.820     40.780
  2446.591     40.254
  2449.361     40.087
  2452.132     40.132
  2454.903     40.380
  2457.674     41.003
  2460.444     41.851
  2463.215     42.999
  2465.986     44.406
  2468.757     45.881
  2471.528     47.600
  2474.298     49.280
  2477.069     51.145
  2479.840     52.942
  2482.611     54.938
  2485.381     56.715
  2488.152     58.883
  2490.923     61.091
  2493.694     62.905
  2496.464     64.737
  2499.235     66.532
  2502.006     68.329
  2504.777     70.082
  2507.548     71.367
  2510.318     73.078
  2513.089     74.339
  2515.860     74.971
  2518.631     75.966
  2521.401     77.133
  2524.172     78.173
  2526.943     79.265
  2529.714     80.705
  2532.484     81.655
  2535.255     82.479
  2538.026     83.291
  2540.797     84.572
  2543.568     85.026
  2546.338     85.990
  2549.109     86.699
  2551.880     87.389
  2554.651     88.359
  2557.421     88.937
  2560.192     89.718
  2562.963     90.139
  2565.734     91.049
  2568.505     91.534
  2571.275     91.775
  2574.046     92.394
  2576.817     92.756
  2579.588     93.335
  2582.358     93.536
  2585.129     93.979
  2587.900     94.549
  2590.671     94.802
  2593.441     95.129
  2596.212     95.166
  2598.983     95.270
  2601.754     95.279
  2604.525     95.427
  2607.295     95.511
  2610.066     95.715
  2612.837     95.763
  2615.608     95.587
  2618.378     95.799
  2621.149     95.983
  2623.920     96.032
  2626.691     96.171
  2629.461     96.523
  2632.232     96.547
  2635.003     96.589
  2637.774     96.450
  2640.545     96.709
  2643.315     96.874
  2646.086     96.917
  2648.857     96.895
  2651.628     96.888
  2654.398     96.989
  2657.169     96.758
  2659.940     96.627
  2662.711     96.844
  2665.481     96.700
  2668.252     96.785
  2671.023     96.716
  2673.794     96.682
  2676.565     96.616
  2679.335     96.412
  2682.106     96.087
  2684.877     95.925
  2687.648     95.428
  2690.418     95.101
  2693.189     95.020
  2695.960     94.846
  2698.731     94.370
  2701.502     93.670
  2704.272     92.897
  2707.043     91.997
  2709.814     91.116
  2712.585     90.316
  2715.355     89.215
  2718.126     88.074
  2720.897     87.010
  2723.668     85.557
  2726.438     84.533
  2729.209     82.970
  2731.980     81.663
  2734.751     80.617
  2737.522     80.054
  2740.292     80.377
  2743.063     80.922
  2745.834     81.965
  2748.605     83.288
  2751.375     85.003
  2754.146     87.104
  2756.917     89.596
  2759.688     92.576
  2762.458     96.278
  2765.229    100.265
  2768.000    107.015
