     0.000      8.472
     2.771     11.916
     5.542     13.716
     8.312     15.084
    11.083     16.227
    13.854     17.313
    16.625     18.086
    19.395     18.905
    22.166     19.760
    24.937     20.389
    27.708     21.027
    30.478     21.738
    33.249     22.301
    36.020     22.766
    38.791     23.279
    41.562     23.751
    44.332     24.259
    47.103     24.785
    49.874     25.211
    52.645     25.727
    55.415     26.085
    58.186     26.383
    60.957     26.584
    63.728     26.692
    66.498     26.799
    69.269     26.916
    72.040     26.960
    74.811     26.978
    77.582     27.044
    80.352     27.054
    83.123     27.064
    85.894     27.038
    88.665     27.009
    91.435     26.971
    94.206     26.926
    96.977     26.869
    99.748     26.798
   102.519     26.711
   105.289     26.616
   108.060     26.503
   110.831     26.374
   113.602     26.154
   116.372     25.854
   119.143     25.435
   121.914     24.873
   124.685     24.320
   127.455     23.798
   130.226     23.310
   132.997     22.882
   135.768     22.524
   138.539     22.176
   141.309     21.833
   144.080     21.476
   146.851     21.199
   149.622     20.970
   152.392     20.740
   155.163     20.564
   157.934     20.385
   160.705     20.159
   163.475     19.868
   166.246     19.630
   169.017     19.331
   171.788     19.002
   174.559     18.652
   177.329     18.275
   180.100     17.880
   182.871     17.469
   185.642     17.071
   188.412     16.675
   191.183     16.285
   193.954     15.902
   196.725     15.517
   199.495     15.146
   202.266     14.781
   205.037     14.375
   207.808     13.996
   210.579     13.615
   213.349     13.250
   216.120     12.873
   218.891     12.494
   221.662     12.122
   224.432     11.762
   227.203     11.433
   229.974     11.073
   232.745     10.706
   235.516     10.396
   238.286     10.076
   241.057      9.725
   243.828      9.453
   246.599      9.119
   249.369      8.841
   252.140      8.534
   254.911      8.255
   257.682      7.999
   260.452      7.734
   263.223      7.474
   265.994      7.249
   268.765      7.020
   271.536      6.726
   274.306      6.481
   277.077      6.292
   279.848      6.045
   282.619      5.874
   285.389      5.727
   288.160      5.494
   290.931      5.328
   293.702      5.180
   296.472      5.023
   299.243      4.885
   302.014      4.688
   304.785      4.526
   307.556      4.407
   310.326      4.303
   313.097      4.164
   315.868      4.075
   318.639      4.013
   321.409      3.905
   324.180      3.894
   326.951      3.786
   329.722      3.721
   332.492      3.698
   335.263      3.605
   338.034      3.626
   340.805      3.606
   343.576      3.598
   346.346      3.560
   349.117      3.524
   351.888      3.502
   354.659      3.468
   357.429      3.504
   360.200      3.501
   362.971      3.521
   365.742      3.559
   368.513      3.559
   371.283      3.587
   374.054      3.609
   376.825      3.643
   379.596      3.657
   382.366      3.631
   385.137      3.639
   387.908      3.663
   390.679      3.713
   393.449      3.768
   396.220      3.787
   398.991      3.821
   401.762      3.849
   404.533      3.929
   407.303      3.953
   410.074      4.042
   412.845      4.090
   415.616      4.133
   418.386      4.257
   421.157      4.348
   423.928      4.388
   426.699      4.453
   429.469      4.495
   432.240      4.558
   435.011      4.624
   437.782      4.743
   440.553      4.867
   443.323      4.952
   446.094      5.022
   448.865      5.120
   451.636      5.239
   454.406      5.411
   457.177      5.466
   459.948      5.649
   462.719      5.810
   465.489      5.931
   468.260      6.037
   471.031      6.199
   473.802      6.339
   476.573      6.462
   479.343      6.668
   482.114      6.818
   484.885      6.927
   487.656      7.103
   490.426      7.297
   493.197      7.476
   495.968      7.660
   498.739      7.872
   501.510      7.994
   504.280      8.248
   507.051      8.457
   509.822      8.682
   512.593      8.903
   515.363      9.134
   518.134      9.375
   520.905      9.588
   523.676      9.826
   526.446     10.073
   529.217     10.322
   531.988     10.549
   534.759     10.754
   537.530     11.007
   540.300     11.251
   543.071     11.511
   545.842     11.768
   548.613     11.978
   551.383     12.177
   554.154     12.472
   556.925     12.718
   559.696     12.964
   562.466     13.219
   565.237     13.439
   568.008     13.688
   570.779     13.935
   573.550     14.201
   576.320     14.480
   579.091     14.759
   581.862     15.023
   584.633     15.296
   587.403     15.528
   590.174     15.781
   592.945     16.056
   595.716     16.310
   598.486     16.563
   601.257     16.813
   604.028     16.997
   606.799     17.031
   609.570     16.935
   612.340     16.614
   615.111     15.995
   617.882     15.260
   620.653     14.450
   623.423     13.645
   626.194     12.755
   628.965     11.858
   631.736     10.955
   634.507     10.035
   637.277      9.178
   640.048      8.236
   642.819      7.305
   645.590      6.410
   648.360      5.552
   651.131      4.884
   653.902      4.352
   656.673      3.931
   659.443      3.817
   662.214      4.023
   664.985      4.396
   667.756      5.477
   670.527      6.734
   673.297      9.124
   676.068     13.289
   678.839     18.020
   681.610     21.437
   684.380     23.303
   687.151     27.639
   689.922     32.314
   692.693     33.144
   695.463     32.858
   698.234     32.226
   701.005     31.487
   703.776     30.477
   706.547     29.342
   709.317     28.217
   712.088     26.865
   714.859     25.025
   717.630     23.116
   720.400     21.131
   723.171     18.228
   725.942     15.146
   728.713     12.811
   731.483     10.182
   734.254      8.660
   737.025      7.414
   739.796      6.779
   742.567      6.147
   745.337      5.466
   748.108      5.112
   750.879      4.809
   753.650      4.485
   756.420      4.408
   759.191      4.217
   761.962      4.136
   764.733      4.037
   767.504      3.994
   770.274      3.926
   773.045      3.919
   775.816      3.874
   778.587      3.693
   781.357      3.211
   784.128      2.746
   786.899      3.151
   789.670      4.192
   792.440      3.864
   795.211      2.846
   797.982      2.354
   800.753      2.114
   803.524      1.815
   806.294      1.815
   809.065      1.921
   811.836      2.198
   814.607      2.966
   817.377      4.464
   820.148      5.766
   822.919      6.862
   825.690      8.027
   828.460     10.110
   831.231     14.106
   834.002     22.133
   836.773     31.677
   839.544     40.185
   842.314     44.090
   845.085     44.404
   847.856     42.938
   850.627     41.664
   853.397     40.591
   856.168     39.803
   858.939     40.380
   861.710     41.564
   864.480     43.462
   867.251     45.205
   870.022     46.258
   872.793     44.620
   875.564     39.944
   878.334     33.988
   881.105     28.033
   883.876     22.395
   886.647     18.290
   889.417     15.788
   892.188     14.345
   894.959     13.021
   897.730     11.958
   900.501     11.177
   903.271     10.351
   906.042      9.529
   908.813      8.943
   911.584      8.476
   914.354      8.309
   917.125      8.246
   919.896      8.090
   922.667      7.937
   925.437      7.968
   928.208      7.970
   930.979      7.905
   933.750      7.953
   936.521      8.001
   939.291      8.208
   942.062      8.511
   944.833      8.769
   947.604      9.051
   950.374      9.456
   953.145      9.924
   955.916     10.444
   958.687     10.969
   961.457     11.521
   964.228     11.894
   966.999     12.362
   969.770     12.799
   972.541     13.293
   975.311     13.781
   978.082     14.076
   980.853     14.612
   983.624     15.125
   986.394     15.691
   989.165     15.978
   991.936     16.408
   994.707     16.872
   997.477     17.067
  1000.248     17.512
  1003.019     17.815
  1005.790     18.106
  1008.561     18.452
  1011.331     18.933
  1014.102     19.363
  1016.873     19.801
  1019.644     20.170
  1022.414     20.640
  1025.185     20.959
  1027.956     21.373
  1030.727     21.607
  1033.497     22.024
  1036.268     22.339
  1039.039     22.826
  1041.810     23.158
  1044.581     23.533
  1047.351     24.045
  1050.122     24.310
  1052.893     24.542
  1055.664     25.083
  1058.434     25.316
  1061.205     25.665
  1063.976     26.002
  1066.747     26.396
  1069.518     26.779
  1072.288     27.088
  1075.059     27.369
  1077.830     27.712
  1080.601     28.100
  1083.371     28.373
  1086.142     28.687
  1088.913     29.042
  1091.684     29.389
  1094.454     29.624
  1097.225     29.935
  1099.996     30.186
  1102.767     30.458
  1105.538     30.680
  1108.308     30.914
  1111.079     31.162
  1113.850     31.374
  1116.621     31.694
  1119.391     31.907
  1122.162     32.072
  1124.933     32.217
  1127.704     32.361
  1130.474     32.514
  1133.245     32.593
  1136.016     32.620
  1138.787     32.523
  1141.558     32.342
  1144.328     32.073
  1147.099     31.661
  1149.870     31.132
  1152.641     30.546
  1155.411     29.758
  1158.182     28.960
  1160.953     28.033
  1163.724     27.093
  1166.494     26.405
  1169.265     25.682
  1172.036     25.246
  1174.807     24.960
  1177.578     24.829
  1180.348     24.577
  1183.119     24.381
  1185.890     24.048
  1188.661     23.595
  1191.431     23.014
  1194.202     22.337
  1196.973     21.512
  1199.744     20.605
  1202.515     19.682
  1205.285     18.813
  1208.056     17.910
  1210.827     17.107
  1213.598     16.275
  1216.368     15.526
  1219.139     14.820
  1221.910     14.034
  1224.681     13.454
  1227.451     12.695
  1230.222     11.991
  1232.993     11.310
  1235.764     10.880
  1238.535     10.274
  1241.305      9.880
  1244.076      9.449
  1246.847      9.007
  1249.618      8.609
  1252.388      8.311
  1255.159      7.952
  1257.930      7.727
  1260.701      7.536
  1263.471      7.416
  1266.242      7.165
  1269.013      7.086
  1271.784      6.924
  1274.555      6.886
  1277.325      6.800
  1280.096      6.703
  1282.867      6.627
  1285.638      6.501
  1288.408      6.413
  1291.179      6.337
  1293.950      6.381
  1296.721      6.377
  1299.491      6.427
  1302.262      6.403
  1305.033      6.440
  1307.804      6.288
  1310.575      6.278
  1313.345      6.288
  1316.116      6.314
  1318.887      6.358
  1321.658      6.393
  1324.428      6.364
  1327.199      6.374
  1329.970      6.367
  1332.741      6.455
  1335.512      6.547
  1338.282      6.740
  1341.053      6.896
  1343.824      6.974
  1346.595      7.016
  1349.365      7.195
  1352.136      7.406
  1354.907      7.704
  1357.678      7.947
  1360.448      8.150
  1363.219      8.435
  1365.990      8.641
  1368.761      9.031
  1371.532      9.309
  1374.302      9.737
  1377.073     10.420
  1379.844     11.055
  1382.615     11.787
  1385.385     12.571
  1388.156     13.298
  1390.927     14.045
  1393.698     15.018
  1396.468     16.077
  1399.239     17.046
  1402.010     18.401
  1404.781     19.460
  1407.552     20.989
  1410.322     22.228
  1413.093     23.997
  1415.864     26.299
  1418.635     28.627
  1421.405     31.135
  1424.176     33.681
  1426.947     36.272
  1429.718     38.643
  1432.488     40.720
  1435.259     42.561
  1438.030     43.735
  1440.801     44.401
  1443.572     44.530
  1446.342     44.104
  1449.113     43.097
  1451.884     41.871
  1454.655     40.684
  1457.425     39.675
  1460.196     38.807
  1462.967     37.858
  1465.738     36.837
  1468.509     35.953
  1471.279     35.184
  1474.050     34.544
  1476.821     33.836
  1479.592     33.194
  1482.362     32.545
  1485.133     32.069
  1487.904     31.694
  1490.675     31.279
  1493.445     30.951
  1496.216     30.659
  1498.987     30.620
  1501.758     30.545
  1504.529     30.707
  1507.299     30.322
  1510.070     29.826
  1512.841     29.655
  1515.612     29.520
  1518.382     29.525
  1521.153     29.220
  1523.924     29.662
  1526.695     29.617
  1529.465     29.874
  1532.236     29.974
  1535.007     29.710
  1537.778     29.701
  1540.549     29.798
  1543.319     29.714
  1546.090     29.819
  1548.861     29.733
  1551.632     29.745
  1554.402     29.902
  1557.173     30.038
  1559.944     30.404
  1562.715     30.631
  1565.485     30.814
  1568.256     30.638
  1571.027     31.061
  1573.798     31.687
  1576.569     31.938
  1579.339     31.914
  1582.110     32.176
  1584.881     32.470
  1587.652     33.034
  1590.422     33.368
  1593.193     33.438
  1595.964     33.771
  1598.735     33.975
  1601.506     34.011
  1604.276     34.080
  1607.047     33.924
  1609.818     33.823
  1612.589     33.737
  1615.359     33.597
  1618.130     33.406
  1620.901     33.261
  1623.672     33.052
  1626.442     32.760
  1629.213     32.545
  1631.984     32.259
  1634.755     31.925
  1637.526     31.619
  1640.296     31.263
  1643.067     30.785
  1645.838     30.220
  1648.609     29.508
  1651.379     28.671
  1654.150     27.635
  1656.921     26.021
  1659.692     23.855
  1662.462     22.538
  1665.233     21.201
  1668.004     19.781
  1670.775     18.295
  1673.546     16.818
  1676.316     15.421
  1679.087     14.134
  1681.858     12.840
  1684.629     11.811
  1687.399     10.734
  1690.170      9.718
  1692.941      8.906
  1695.712      8.318
  1698.482      7.659
  1701.253      7.126
  1704.024      6.770
  1706.795      6.368
  1709.566      6.088
  1712.336      5.665
  1715.107      5.466
  1717.878      5.243
  1720.649      5.056
  1723.419      4.806
  1726.190      4.741
  1728.961      4.479
  1731.732      4.317
  1734.503      4.078
  1737.273      3.949
  1740.044      3.839
  1742.815      3.755
  1745.586      3.716
  1748.356      3.620
  1751.127      3.523
  1753.898      3.483
  1756.669      3.498
  1759.439      3.410
  1762.210      3.310
  1764.981      3.310
  1767.752      3.324
  1770.523      3.243
  1773.293      3.293
  1776.064      3.295
  1778.835      3.367
  1781.606      3.387
  1784.376      3.418
  1787.147      3.487
  1789.918      3.478
  1792.689      3.554
  1795.459      3.635
  1798.230      3.689
  1801.001      3.699
  1803.772      3.813
  1806.543      3.940
  1809.313      3.989
  1812.084      4.077
  1814.855      4.140
  1817.626      4.238
  1820.396      4.295
  1823.167      4.391
  1825.938      4.505
  1828.709      4.589
  1831.479      4.676
  1834.250      4.767
  1837.021      4.799
  1839.792      4.889
  1842.563      4.985
  1845.333      5.019
  1848.104      5.108
  1850.875      5.214
  1853.646      5.351
  1856.416      5.439
  1859.187      5.517
  1861.958      5.524
  1864.729      5.590
  1867.499      5.663
  1870.270      5.756
  1873.041      5.814
  1875.812      5.868
  1878.583      5.940
  1881.353      5.965
  1884.124      6.032
  1886.895      6.087
  1889.666      6.088
  1892.436      6.077
  1895.207      6.103
  1897.978      6.123
  1900.749      6.160
  1903.520      6.174
  1906.290      6.239
  1909.061      6.324
  1911.832      6.293
  1914.603      6.343
  1917.373      6.385
  1920.144      6.417
  1922.915      6.444
  1925.686      6.458
  1928.456      6.448
  1931.227      6.498
  1933.998      6.517
  1936.769      6.541
  1939.540      6.575
  1942.310      6.652
  1945.081      6.604
  1947.852      6.538
  1950.623      6.612
  1953.393      6.612
  1956.164      6.589
  1958.935      6.607
  1961.706      6.651
  1964.476      6.633
  1967.247      6.639
  1970.018      6.620
  1972.789      6.644
  1975.560      6.642
  1978.330      6.697
  1981.101      6.697
  1983.872      6.772
  1986.643      6.694
  1989.413      6.715
  1992.184      6.766
  1994.955      6.704
  1997.726      6.761
  2000.496      6.801
  2003.267      6.767
  2006.038      6.752
  2008.809      6.785
  2011.580      6.779
  2014.350      6.764
  2017.121      6.671
  2019.892      6.643
  2022.663      6.674
  2025.433      6.690
  2028.204      6.735
  2030.975      6.752
  2033.746      6.789
  2036.517      6.845
  2039.287      6.747
  2042.058      6.804
  2044.829      6.813
  2047.600      6.849
  2050.370      6.822
  2053.141      6.795
  2055.912      6.782
  2058.683      6.749
  2061.453      6.683
  2064.224      6.707
  2066.995      6.692
  2069.766      6.721
  2072.537      6.699
  2075.307      6.720
  2078.078      6.792
  2080.849      6.815
  2083.620      6.878
  2086.390      6.945
  2089.161      6.941
  2091.932      6.958
  2094.703      6.937
  2097.473      6.953
  2100.244      7.014
  2103.015      6.941
  2105.786      7.009
  2108.557      7.019
  2111.327      7.029
  2114.098      6.984
  2116.869      6.947
  2119.640      6.922
  2122.410      6.948
  2125.181      6.934
  2127.952      6.980
  2130.723      6.907
  2133.493      6.844
  2136.264      6.833
  2139.035      6.843
  2141.806      6.746
  2144.577      6.844
  2147.347      6.846
  2150.118      6.875
  2152.889      6.888
  2155.660      6.851
  2158.430      6.807
  2161.201      6.856
  2163.972      6.897
  2166.743      6.854
  2169.514      6.869
  2172.284      6.883
  2175.055      6.904
  2177.826      6.907
  2180.597      6.928
  2183.367      7.001
  2186.138      6.988
  2188.909      6.951
  2191.680      6.954
  2194.450      6.994
  2197.221      7.030
  2199.992      7.076
  2202.763      7.179
  2205.534      7.190
  2208.304      7.243
  2211.075      7.293
  2213.846      7.332
  2216.617      7.380
  2219.387      7.451
  2222.158      7.460
  2224.929      7.521
  2227.700      7.571
  2230.470      7.567
  2233.241      7.659
  2236.012      7.769
  2238.783      7.790
  2241.554      7.914
  2244.324      7.974
  2247.095      8.140
  2249.866      8.189
  2252.637      8.242
  2255.407      8.302
  2258.178      8.358
  2260.949      8.376
  2263.720      8.513
  2266.490      8.619
  2269.261      8.707
  2272.032      8.731
  2274.803      8.854
  2277.574      8.977
  2280.344      9.001
  2283.115      9.019
  2285.886      9.159
  2288.657      9.261
  2291.427      9.450
  2294.198      9.503
  2296.969      9.627
  2299.740      9.678
  2302.511      9.826
  2305.281      9.975
  2308.052     10.140
  2310.823     10.147
  2313.594     10.205
  2316.364     10.249
  2319.135     10.398
  2321.906     10.351
  2324.677     10.523
  2327.447     10.658
  2330.218     10.644
  2332.989     10.780
  2335.760     10.881
  2338.531     10.972
  2341.301     11.062
  2344.072     11.153
  2346.843     11.259
  2349.614     11.426
  2352.384     11.399
  2355.155     11.464
  2357.926     11.525
  2360.697     11.520
  2363.467     11.553
  2366.238     11.578
  2369.009     11.802
  2371.780     12.240
  2374.551     12.339
  2377.321     12.539
  2380.092     12.711
  2382.863     12.970
  2385.634     13.197
  2388.404     13.517
  2391.175     13.827
  2393.946     14.262
  2396.717     14.635
  2399.487     14.908
  2402.258     15.457
  2405.029     15.851
  2407.800     16.438
  2410.571     16.965
  2413.341     17.618
  2416.112     18.319
  2418.883     19.107
  2421.654     19.806
  2424.424     20.671
  2427.195     21.387
  2429.966     22.178
  2432.737     23.055
  2435.508     23.891
  2438.278     24.523
  2441.049     25.155
  2443.820     25.643
  2446.591     26.044
  2449.361     26.183
  2452.132     26.027
  2454.903     25.848
  2457.674     25.430
  2460.444     24.799
  2463.215     24.002
  2465.986     23.131
  2468.757     22.321
  2471.528     21.512
  2474.298     20.861
  2477.069     20.051
  2479.840     19.250
  2482.611     18.542
  2485.381     17.808
  2488.152     17.234
  2490.923     16.729
  2493.694     16.029
  2496.464     15.603
  2499.235     15.198
  2502.006     14.848
  2504.777     14.533
  2507.548     14.399
  2510.318     14.300
  2513.089     14.108
  2515.860     13.817
  2518.631     13.391
  2521.401     12.994
  2524.172     12.740
  2526.943     12.646
  2529.714     12.616
  2532.484     12.430
  2535.255     12.321
  2538.026     12.254
  2540.797     12.129
  2543.568     12.166
  2546.338     12.066
  2549.109     11.987
  2551.880     11.923
  2554.651     11.887
  2557.421     11.839
  2560.192     11.875
  2562.963     11.655
  2565.734     11.555
  2568.505     11.502
  2571.275     11.410
  2574.046     11.389
  2576.817     11.294
  2579.588     11.310
  2582.358     11.289
  2585.129     11.333
  2587.900     11.218
  2590.671     11.319
  2593.441     11.338
  2596.212     11.204
  2598.983     11.233
  2601.754     11.061
  2604.525     11.025
  2607.295     10.894
  2610.066     10.869
  2612.837     10.796
  2615.608     10.961
  2618.378     10.937
  2621.149     10.899
  2623.920     10.923
  2626.691     10.997
  2629.461     11.031
  2632.232     11.094
  2635.003     11.175
  2637.774     11.253
  2640.545     11.406
  2643.315     11.419
  2646.086     11.571
  2648.857     11.687
  2651.628     11.828
  2654.398     12.025
  2657.169     12.169
  2659.940     12.350
  2662.711     12.551
  2665.481     12.863
  2668.252     13.213
  2671.023     13.673
  2673.794     13.884
  2676.565     14.360
  2679.335     14.517
  2682.106     14.917
  2684.877     15.434
  2687.648     15.919
  2690.418     16.563
  2693.189     17.349
  2695.960     18.145
  2698.731     18.907
  2701.502     19.542
  2704.272     20.308
  2707.043     21.660
  2709.814     22.913
  2712.585     23.891
  2715.355     25.058
  2718.126     26.381
  2720.897     28.202
  2723.668     29.715
  2726.438     31.250
  2729.209     32.716
  2731.980     34.742
  2734.751     36.821
  2737.522     38.414
  2740.292     39.470
  2743.063     40.028
  2745.834     39.471
  2748.605     38.734
  2751.375     37.370
  2754.146     35.350
  2756.917     33.218
  2759.688     30.505
  2762.458     26.997
  2765.229     22.034
  2768.000     13.919
